# shape 282 282
# row_index	column_index	value
0	1	2.534210
0	2	0.507093
0	3	0.836660
0	4	0.338062
1	0	2.534210
1	2	2.141799
1	3	0.712697
1	4	1.385870
1	5	0.251976
2	0	0.507093
2	1	2.141799
2	3	1.717259
2	4	1.000000
2	5	0.857143
2	6	0.566947
3	0	0.836660
3	1	0.712697
3	2	1.717259
3	4	2.626397
3	5	0.303046
3	6	0.668153
3	7	2.078805
3	66	0.094491
3	68	0.089087
4	0	0.338062
4	1	1.385870
4	2	1.000000
4	3	2.626397
4	5	2.857143
4	6	1.322876
4	7	1.202676
4	8	0.566947
4	66	1.069045
5	1	0.251976
5	2	0.857143
5	3	0.303046
5	4	2.857143
5	6	3.023716
5	7	1.069045
5	8	1.133893
5	9	1.069045
6	2	0.566947
6	3	0.668153
6	4	1.322876
6	5	3.023716
6	7	2.651650
6	8	1.000000
6	9	0.883883
6	10	1.133893
7	3	2.078805
7	4	1.202676
7	5	1.069045
7	6	2.651650
7	8	2.651650
7	9	0.500000
7	10	1.202676
7	11	1.000000
7	66	0.375000
8	4	0.566947
8	5	1.133893
8	6	1.000000
8	7	2.651650
8	9	2.828427
8	10	1.511858
8	11	0.883883
8	12	1.428869
8	66	0.707107
9	5	1.069045
9	6	0.883883
9	7	0.500000
9	8	2.828427
9	10	2.405351
9	11	0.500000
9	12	1.732051
9	13	1.125000
10	6	1.133893
10	7	1.202676
10	8	1.511858
10	9	2.405351
10	11	2.672612
10	12	1.080123
10	13	0.801784
10	14	1.202676
11	7	1.000000
11	8	0.883883
11	9	0.500000
11	10	2.672612
11	12	2.453739
11	13	0.875000
11	14	1.625000
11	15	0.801784
11	62	1.106797
11	65	0.250000
11	66	0.250000
11	252	0.661438
12	8	1.428869
12	9	1.732051
12	10	1.080123
12	11	2.453739
12	13	2.598076
12	14	1.010363
12	15	0.925820
12	16	0.577350
13	9	1.125000
13	10	0.801784
13	11	0.875000
13	12	2.598076
13	14	2.125000
13	15	1.069045
13	16	1.125000
13	17	0.790569
14	10	1.202676
14	11	1.625000
14	12	1.010363
14	13	2.125000
14	15	2.538982
14	16	0.625000
14	17	1.264911
14	18	1.125000
14	58	0.133631
14	252	0.094491
14	256	0.267261
15	11	0.801784
15	12	0.925820
15	13	1.069045
15	14	2.538982
15	16	2.271721
15	17	1.183216
15	18	0.801784
15	19	1.000000
15	54	0.755929
15	58	0.428571
15	59	0.714286
16	12	0.577350
16	13	1.125000
16	14	0.625000
16	15	2.271721
16	17	2.846050
16	18	0.625000
16	19	0.668153
16	20	0.639602
17	13	0.790569
17	14	1.264911
17	15	1.183216
17	16	2.846050
17	18	2.846050
17	19	0.676123
17	20	0.674200
17	21	0.670820
18	14	1.125000
18	15	0.801784
18	16	0.625000
18	17	2.846050
18	19	2.672612
18	20	0.426401
18	21	0.707107
18	22	1.250000
18	50	0.250000
18	54	0.707107
18	58	0.133631
18	255	0.102062
18	258	1.299038
18	259	0.530330
19	15	1.000000
19	16	0.668153
19	17	0.676123
19	18	2.672612
19	20	1.937330
19	21	0.566947
19	22	0.668153
19	23	1.142857
19	51	0.801784
19	54	0.566947
19	55	0.668153
20	16	0.639602
20	17	0.674200
20	18	0.426401
20	19	1.937330
20	21	2.562846
20	22	0.426401
20	23	0.797724
20	24	0.639602
20	279	0.213201
21	17	0.670820
21	18	0.707107
21	19	0.566947
21	20	2.562846
21	22	2.828427
21	23	0.944911
21	24	1.590990
21	25	1.133893
21	262	1.133893
22	18	1.250000
22	19	0.668153
22	20	0.426401
22	21	2.828427
22	23	2.271721
22	24	1.000000
22	25	1.202676
22	26	1.000000
22	47	1.423025
22	50	0.875000
22	51	0.625000
22	258	0.577350
22	262	0.935414
23	19	1.142857
23	20	0.797724
23	21	0.944911
23	22	2.271721
23	24	2.405351
23	25	1.000000
23	26	0.801784
23	27	1.142857
23	51	0.267261
24	20	0.639602
24	21	1.590990
24	22	1.000000
24	23	2.405351
24	25	2.405351
24	26	0.500000
24	27	1.336306
24	28	0.790569
24	275	1.172604
24	278	0.500000
24	279	0.375000
25	21	1.133893
25	22	1.202676
25	23	1.000000
25	24	2.405351
25	26	2.538982
25	27	0.714286
25	28	1.014185
25	29	0.935414
25	43	0.133631
25	47	0.338062
25	262	0.428571
25	265	0.436436
25	271	0.113961
25	275	0.455842
26	22	1.000000
26	23	0.801784
26	24	0.500000
26	25	2.538982
26	27	2.672612
26	28	0.948683
26	29	0.625000
26	30	0.790569
26	44	0.133631
26	47	0.632456
26	48	0.288675
26	51	0.125000
27	23	1.142857
27	24	1.336306
27	25	0.714286
27	26	2.672612
27	28	3.042555
27	29	0.534522
27	30	1.183216
27	31	0.755929
27	278	0.400892
28	24	0.790569
28	25	1.014185
28	26	0.948683
28	27	3.042555
28	29	2.687936
28	30	0.800000
28	31	0.745356
28	32	1.483240
28	35	0.948683
28	274	0.200000
28	275	0.269680
28	278	0.474342
29	25	0.935414
29	26	0.625000
29	27	0.534522
29	28	2.687936
29	30	2.529822
29	31	0.471405
29	32	0.533002
29	35	0.500000
29	36	0.589256
29	40	1.375000
29	43	0.250000
29	44	0.668153
29	271	0.426401
30	26	0.790569
30	27	1.183216
30	28	0.800000
30	29	2.529822
30	31	2.236068
30	32	0.269680
30	36	0.447214
31	27	0.755929
31	28	0.745356
31	29	0.471405
31	30	2.236068
31	32	2.914610
31	33	0.222222
31	277	0.333333
31	278	0.235702
32	28	1.483240
32	29	0.533002
32	30	0.269680
32	31	2.914610
32	33	1.507557
32	34	0.636364
32	35	0.852803
32	36	0.603023
32	274	0.943880
32	277	0.804030
32	278	0.319801
33	31	0.222222
33	32	1.507557
33	34	1.708564
33	35	0.824958
33	36	2.111111
34	32	0.636364
34	33	1.708564
34	35	2.025407
34	36	0.402015
34	37	0.113961
34	270	1.599005
34	273	0.213201
35	28	0.948683
35	29	0.500000
35	32	0.852803
35	33	0.824958
35	34	2.025407
35	36	1.767767
35	37	0.935414
35	40	1.250000
35	270	0.875000
35	271	0.319801
35	274	0.158114
36	29	0.589256
36	30	0.447214
36	32	0.603023
36	33	2.111111
36	34	0.402015
36	35	1.767767
36	37	2.519763
36	41	0.481125
36	118	0.555556
37	34	0.113961
37	35	0.935414
37	36	2.519763
37	38	2.857143
37	39	1.571429
37	40	2.271721
37	41	1.200198
37	118	0.251976
38	37	2.857143
38	39	2.714286
38	40	1.069045
38	41	1.200198
38	42	1.367527
38	101	0.400892
38	114	0.925820
38	116	0.267261
38	117	0.285714
38	118	0.251976
38	121	0.338062
39	37	1.571429
39	38	2.714286
39	40	2.806243
39	41	0.763763
39	42	1.253566
39	43	0.935414
39	101	0.133631
39	102	0.569803
39	214	0.267261
40	29	1.375000
40	35	1.250000
40	37	2.271721
40	38	1.069045
40	39	2.806243
40	41	1.837117
40	42	0.533002
40	43	1.625000
40	44	0.801784
40	271	0.639602
41	36	0.481125
41	37	1.200198
41	38	1.200198
41	39	0.763763
41	40	1.837117
41	42	1.566699
41	43	0.816497
41	44	1.309307
41	45	0.471405
41	118	1.058475
41	122	0.870388
41	125	0.510310
42	38	1.367527
42	39	1.253566
42	40	0.533002
42	41	1.566699
42	43	1.918806
42	44	0.911685
42	45	1.230915
42	46	0.533002
42	94	0.455842
42	97	0.455842
42	98	0.426401
42	101	0.426401
42	116	0.106600
42	121	0.269680
42	124	0.106600
42	125	0.639602
43	25	0.133631
43	29	0.250000
43	39	0.935414
43	40	1.625000
43	41	0.816497
43	42	1.918806
43	44	2.538982
43	45	1.154701
43	46	1.250000
43	47	0.790569
43	98	0.125000
43	214	0.125000
43	265	0.918559
44	26	0.133631
44	29	0.668153
44	40	0.801784
44	41	1.309307
44	42	0.911685
44	43	2.538982
44	45	2.931764
44	46	1.069045
44	47	1.521278
44	48	1.080123
45	41	0.471405
45	42	1.230915
45	43	1.154701
45	44	2.931764
45	46	2.453739
45	47	0.912871
45	48	1.000000
45	49	0.730297
45	94	0.462910
45	125	0.721688
45	129	0.872872
46	42	0.533002
46	43	1.250000
46	44	1.069045
46	45	2.453739
46	47	2.529822
46	48	1.010363
46	49	0.948683
46	50	1.125000
46	91	0.721688
46	94	0.400892
46	95	0.500000
46	217	0.125000
46	261	0.250000
46	265	0.102062
47	22	1.423025
47	25	0.338062
47	26	0.632456
47	43	0.790569
47	44	1.521278
47	45	0.912871
47	46	2.529822
47	48	2.921187
47	49	0.800000
47	50	0.948683
47	51	0.790569
48	26	0.288675
48	44	1.080123
48	45	1.000000
48	46	1.010363
48	47	2.921187
48	49	2.921187
48	50	1.154701
48	51	1.299038
48	52	0.925820
49	45	0.730297
49	46	0.948683
49	47	0.800000
49	48	2.921187
49	50	3.004164
49	51	0.790569
49	52	0.845154
49	53	0.948683
49	87	1.643168
49	91	0.182574
49	129	0.717137
50	18	0.250000
50	22	0.875000
50	46	1.125000
50	47	0.948683
50	48	1.154701
50	49	3.004164
50	51	2.000000
50	52	0.935414
50	53	1.375000
50	54	0.530330
50	91	0.144338
50	258	3.031089
50	261	0.125000
51	19	0.801784
51	22	0.625000
51	23	0.267261
51	26	0.125000
51	47	0.790569
51	48	1.299038
51	49	0.790569
51	50	2.000000
51	52	2.405351
51	53	1.000000
51	54	0.883883
51	55	1.125000
52	48	0.925820
52	49	0.845154
52	50	0.935414
52	51	2.405351
52	53	2.405351
52	54	1.322876
52	55	0.801784
52	56	1.183216
52	57	0.571429
52	83	0.133631
52	87	0.462910
53	49	0.948683
53	50	1.375000
53	51	1.000000
53	52	2.405351
53	54	2.474874
53	55	0.750000
53	56	0.474342
53	57	2.004459
53	58	1.069045
53	59	0.133631
53	84	0.250000
53	87	0.577350
53	88	0.133631
53	255	0.816497
53	258	0.577350
54	15	0.755929
54	18	0.707107
54	19	0.566947
54	50	0.530330
54	51	0.883883
54	52	1.322876
54	53	2.474874
54	55	3.181981
54	56	0.447214
54	58	0.566947
54	59	0.944911
55	19	0.668153
55	51	1.125000
55	52	0.801784
55	53	0.750000
55	54	3.181981
55	56	2.529822
55	57	0.267261
55	59	1.069045
56	52	1.183216
56	53	0.474342
56	54	0.447214
56	55	2.529822
56	57	2.873524
56	58	0.169031
56	59	0.338062
56	60	0.539360
56	76	0.119523
56	80	0.358569
56	83	0.316228
57	52	0.571429
57	53	2.004459
57	55	0.267261
57	56	2.873524
57	58	2.714286
57	59	1.142857
57	60	0.569803
57	61	0.566947
57	80	1.111168
57	83	0.534522
57	84	1.069045
57	255	0.327327
58	14	0.133631
58	15	0.428571
58	18	0.133631
58	53	1.069045
58	54	0.566947
58	56	0.169031
58	57	2.714286
58	59	3.428571
58	60	0.455842
58	61	0.755929
58	62	0.676123
58	252	0.404061
58	255	0.327327
59	15	0.714286
59	53	0.133631
59	54	0.944911
59	55	1.069045
59	56	0.338062
59	57	1.142857
59	58	3.428571
59	60	2.393172
59	61	0.755929
59	62	1.183216
59	63	0.676123
60	56	0.539360
60	57	0.569803
60	58	0.455842
60	59	2.393172
60	61	2.110579
60	62	1.078720
60	63	1.078720
60	64	0.476731
60	70	0.322329
60	72	1.181818
60	76	1.128152
60	80	0.402911
61	57	0.566947
61	58	0.755929
61	59	0.755929
61	60	2.110579
61	62	3.354102
61	63	1.118034
61	64	1.264911
61	65	1.060660
61	80	0.668153
61	252	0.534522
62	11	1.106797
62	58	0.676123
62	59	1.183216
62	60	1.078720
62	61	3.354102
62	63	3.400000
62	64	0.989949
62	65	1.106797
62	66	1.264911
62	252	0.717137
63	59	0.676123
63	60	1.078720
63	61	1.118034
63	62	3.400000
63	64	2.262742
63	65	1.106797
63	66	0.790569
63	67	1.264911
63	68	0.149071
63	69	0.158114
63	72	0.269680
64	60	0.476731
64	61	1.264911
64	62	0.989949
64	63	2.262742
64	65	2.012461
64	66	0.335410
64	67	0.447214
64	68	0.421637
64	69	1.453444
64	70	0.929670
64	162	1.032796
64	163	0.111803
65	11	0.250000
65	61	1.060660
65	62	1.106797
65	63	1.106797
65	64	2.012461
65	66	2.375000
65	67	0.625000
65	68	0.942809
65	248	0.125000
65	252	0.377964
66	3	0.094491
66	4	1.069045
66	7	0.375000
66	8	0.707107
66	11	0.250000
66	62	1.264911
66	63	0.790569
66	64	0.335410
66	65	2.375000
66	67	2.000000
66	68	0.824958
67	63	1.264911
67	64	0.447214
67	65	0.625000
67	66	2.000000
67	68	2.003469
67	69	1.500000
67	71	0.267261
68	3	0.089087
68	63	0.149071
68	64	0.421637
68	65	0.942809
68	66	0.824958
68	67	2.003469
68	69	2.121320
69	63	0.158114
69	64	1.453444
69	67	1.500000
69	68	2.121320
69	70	1.984313
69	71	0.935414
69	160	0.668153
70	60	0.322329
70	64	0.929670
70	69	1.984313
70	71	1.818275
70	72	2.095140
70	73	1.336306
70	76	0.500000
70	77	1.309307
70	80	0.857143
70	159	0.356348
70	160	1.919290
70	161	0.218218
70	162	1.745743
71	67	0.267261
71	69	0.935414
71	70	1.818275
71	72	3.190896
71	73	0.566947
72	60	1.181818
72	63	0.269680
72	70	2.095140
72	71	3.190896
72	73	2.110579
72	76	0.564076
73	70	1.336306
73	71	0.566947
73	72	2.110579
73	74	2.651650
73	75	0.603023
73	76	0.668153
73	77	1.020621
73	159	0.500000
74	73	2.651650
74	75	1.705606
74	76	0.661438
74	77	1.299038
74	78	0.471405
74	156	0.306186
74	157	0.316228
74	158	0.707107
74	159	1.296362
74	161	0.144338
75	73	0.603023
75	74	1.705606
75	76	1.933975
75	77	0.738549
75	78	0.502519
75	79	0.545455
76	56	0.119523
76	60	1.128152
76	70	0.500000
76	72	0.564076
76	73	0.668153
76	74	0.661438
76	75	1.933975
76	77	1.963961
76	78	0.712697
76	79	1.531064
76	80	1.071429
76	81	0.101015
76	83	0.094491
77	70	1.309307
77	73	1.020621
77	74	1.299038
77	75	0.738549
77	76	1.963961
77	78	2.449490
77	79	0.615457
77	80	1.091089
77	81	1.234427
77	161	0.166667
77	162	1.500000
78	74	0.471405
78	75	0.502519
78	76	0.712697
78	77	2.449490
78	79	1.708564
78	80	0.356348
78	81	1.385870
78	82	0.816497
78	140	0.589256
78	141	1.444444
78	143	0.632456
79	75	0.545455
79	76	1.531064
79	77	0.615457
79	78	1.708564
79	80	1.531064
79	81	0.911685
79	82	1.354006
79	83	1.172604
79	137	0.363636
79	141	0.201008
80	56	0.358569
80	57	1.111168
80	60	0.402911
80	61	0.668153
80	70	0.857143
80	76	1.071429
80	77	1.091089
80	78	0.356348
80	79	1.531064
80	81	2.626397
80	82	0.763763
80	83	0.661438
80	84	0.566947
80	162	0.218218
80	255	0.154303
81	76	0.101015
81	77	1.234427
81	78	1.385870
81	79	0.911685
81	80	2.626397
81	82	2.931764
81	83	0.668153
81	84	0.935414
81	85	0.714286
81	140	0.668153
81	162	0.154303
81	164	0.455842
82	78	0.816497
82	79	1.354006
82	80	0.763763
82	81	2.931764
82	83	2.598076
82	84	0.866025
82	85	0.771517
82	86	0.721688
82	136	0.333333
82	137	2.092555
82	140	1.299038
82	141	0.544331
83	52	0.133631
83	56	0.316228
83	57	0.534522
83	76	0.094491
83	79	1.172604
83	80	0.661438
83	81	0.668153
83	82	2.598076
83	84	2.250000
83	85	0.801784
83	86	1.125000
83	87	1.010363
83	137	0.426401
84	53	0.250000
84	57	1.069045
84	80	0.566947
84	81	0.935414
84	82	0.866025
84	83	2.250000
84	85	2.538982
84	86	0.750000
84	87	0.721688
84	88	0.801784
84	255	0.918559
85	81	0.714286
85	82	0.771517
85	83	0.801784
85	84	2.538982
85	86	2.271721
85	87	0.462910
85	88	0.714286
85	89	1.142857
85	136	0.771517
85	140	0.267261
86	82	0.721688
86	83	1.125000
86	84	0.750000
86	85	2.271721
86	87	2.598076
86	88	0.935414
86	89	1.202676
86	90	0.790569
86	129	0.661438
86	132	0.721688
86	133	0.353553
86	136	1.154701
86	137	0.426401
87	49	1.643168
87	52	0.462910
87	53	0.577350
87	83	1.010363
87	84	0.721688
87	85	0.462910
87	86	2.598076
87	88	2.623157
87	89	0.771517
87	90	0.912871
87	91	1.166667
88	53	0.133631
88	84	0.801784
88	85	0.714286
88	86	0.935414
88	87	2.623157
88	89	2.571429
88	90	0.676123
88	91	1.388730
88	92	0.668153
88	221	0.227921
88	225	0.808122
88	229	0.227921
89	85	1.142857
89	86	1.202676
89	87	0.771517
89	88	2.571429
89	90	3.211586
89	91	1.080123
89	92	1.069045
89	93	1.511858
89	132	1.388730
89	135	0.142857
89	178	1.543033
90	86	0.790569
90	87	0.912871
90	88	0.676123
90	89	3.211586
90	91	3.103761
90	92	0.474342
90	93	1.043498
90	94	1.183216
90	128	0.338062
90	129	0.717137
90	132	1.095445
91	46	0.721688
91	49	0.182574
91	50	0.144338
91	87	1.166667
91	88	1.388730
91	89	1.080123
91	90	3.103761
91	92	2.598076
91	93	0.816497
91	94	1.543033
91	95	1.010363
91	221	0.492366
92	88	0.668153
92	89	1.069045
92	90	0.474342
92	91	2.598076
92	93	2.357023
92	94	0.935414
92	95	1.375000
92	96	0.721688
92	178	0.288675
92	179	0.213201
92	182	1.069045
92	183	0.500000
92	186	0.250000
92	221	1.066004
93	89	1.511858
93	90	1.043498
93	91	0.816497
93	92	2.357023
93	94	2.141799
93	95	0.471405
93	96	1.088662
93	97	0.755929
93	128	0.881917
93	131	0.629941
93	132	1.905159
93	135	0.125988
93	182	0.125988
94	42	0.455842
94	45	0.462910
94	46	0.400892
94	90	1.183216
94	91	1.543033
94	92	0.935414
94	93	2.141799
94	95	2.672612
94	96	1.234427
94	97	1.714286
94	98	1.336306
94	128	0.285714
95	46	0.500000
95	91	1.010363
95	92	1.375000
95	93	0.471405
95	94	2.672612
95	96	2.453739
95	97	0.935414
95	98	1.625000
95	99	0.632456
95	186	0.500000
95	217	0.125000
95	218	0.500000
95	221	0.426401
96	92	0.721688
96	93	1.088662
96	94	1.234427
96	95	2.453739
96	97	2.777460
96	98	0.866025
96	99	1.278019
96	100	0.925820
96	182	1.234427
96	185	0.433013
96	186	0.866025
97	42	0.455842
97	93	0.755929
97	94	1.714286
97	95	0.935414
97	96	2.777460
97	98	2.405351
97	99	1.183216
97	100	0.714286
97	101	0.668153
97	124	0.267261
97	128	0.142857
98	42	0.426401
98	43	0.125000
98	94	1.336306
98	95	1.625000
98	96	0.866025
98	97	2.405351
98	99	2.846050
98	100	0.668153
98	101	1.000000
98	102	0.852803
98	214	0.250000
98	218	0.375000
99	95	0.632456
99	96	1.278019
99	97	1.183216
99	98	2.846050
99	100	3.042555
99	101	1.106797
99	102	0.674200
99	103	0.516398
99	186	0.474342
99	189	0.676123
99	190	0.516398
99	193	0.169031
99	218	0.474342
100	96	0.925820
100	97	0.714286
100	98	0.668153
100	99	3.042555
100	101	2.271721
100	102	0.683763
100	103	0.981981
100	104	1.139606
100	189	0.285714
101	38	0.400892
101	39	0.133631
101	42	0.426401
101	97	0.668153
101	98	1.000000
101	99	1.106797
101	100	2.271721
101	102	3.198011
101	103	0.714435
101	104	0.533002
101	105	0.790569
101	114	1.010363
101	116	0.250000
102	39	0.569803
102	98	0.852803
102	99	0.674200
102	100	0.683763
102	101	3.198011
102	103	1.392621
102	104	0.545455
102	105	1.752920
102	106	0.639602
102	112	0.522233
102	114	0.369274
102	190	0.174078
102	193	0.341882
102	211	0.106600
102	214	0.213201
103	99	0.516398
103	100	0.981981
103	101	0.714435
103	102	1.392621
103	104	2.175971
103	105	0.774597
103	106	0.816497
103	107	1.854852
103	189	0.327327
103	192	0.435194
103	193	0.545545
104	100	1.139606
104	101	0.533002
104	102	0.545455
104	103	2.175971
104	105	2.157440
104	106	0.639602
104	107	1.139606
104	108	0.615457
104	115	0.639602
105	101	0.790569
105	102	1.752920
105	103	0.774597
105	104	2.157440
105	106	2.529822
105	107	0.845154
105	108	1.095445
105	110	0.134840
105	111	0.447214
105	112	1.678293
105	113	1.192570
105	114	0.365148
106	102	0.639602
106	103	0.816497
106	104	0.639602
106	105	2.529822
106	107	2.806243
106	108	0.577350
106	111	0.235702
106	112	0.918559
106	193	0.267261
106	196	0.707107
106	197	0.474342
106	200	0.471405
106	211	0.125000
107	103	1.854852
107	104	1.139606
107	105	0.845154
107	106	2.806243
107	108	2.623157
107	109	0.428571
107	196	0.251976
108	104	0.615457
108	105	1.095445
108	106	0.577350
108	107	2.623157
108	109	4.166190
108	110	2.338738
108	111	1.496910
108	115	0.288675
109	107	0.428571
109	108	4.166190
109	110	2.735054
109	111	0.881917
110	105	0.134840
110	108	2.338738
110	109	2.735054
110	111	1.608061
110	112	0.348155
110	113	1.105542
111	105	0.447214
111	106	0.235702
111	108	1.496910
111	109	0.881917
111	110	1.608061
111	112	2.020726
111	113	0.555556
111	200	0.666667
112	102	0.522233
112	105	1.678293
112	106	0.918559
112	110	0.348155
112	111	2.020726
112	113	1.828276
112	114	0.353553
112	200	0.769800
112	207	0.769800
112	208	0.273861
112	211	0.204124
113	105	1.192570
113	110	1.105542
113	111	0.555556
113	112	1.828276
113	114	2.449490
113	115	0.353553
114	38	0.925820
114	101	1.010363
114	102	0.369274
114	105	0.365148
114	112	0.353553
114	113	2.449490
114	115	3.031089
114	116	2.453739
115	104	0.639602
115	108	0.288675
115	113	0.353553
115	114	3.031089
115	116	2.125000
115	117	0.267261
115	120	0.235702
116	38	0.267261
116	42	0.106600
116	101	0.250000
116	114	2.453739
116	115	2.125000
116	117	2.806243
116	118	0.235702
116	120	0.707107
116	121	0.316228
116	124	0.125000
117	38	0.285714
117	115	0.267261
117	116	2.806243
117	118	2.519763
117	119	1.469937
117	120	2.897728
117	121	0.676123
118	36	0.555556
118	37	0.251976
118	38	0.251976
118	41	1.058475
118	116	0.235702
118	117	2.519763
118	119	2.121320
118	120	0.333333
118	121	1.192570
118	122	1.105542
119	117	1.469937
119	118	2.121320
119	120	2.003469
119	121	1.106797
119	122	1.385805
119	123	0.668153
120	115	0.235702
120	116	0.707107
120	117	2.897728
120	118	0.333333
120	119	2.003469
120	121	2.534210
120	122	0.703526
120	123	1.133893
120	124	0.707107
121	38	0.338062
121	42	0.269680
121	116	0.316228
121	117	0.676123
121	118	1.192570
121	119	1.106797
121	120	2.534210
121	122	2.157440
121	123	1.183216
121	124	1.423025
121	125	1.264911
122	41	0.870388
122	118	1.105542
122	119	1.385805
122	120	0.703526
122	121	2.157440
122	123	2.051290
122	124	0.533002
122	125	1.066004
122	126	0.533002
123	119	0.668153
123	120	1.133893
123	121	1.183216
123	122	2.051290
123	124	2.405351
123	125	1.069045
123	126	1.069045
123	127	1.069045
124	42	0.106600
124	97	0.267261
124	116	0.125000
124	120	0.707107
124	121	1.423025
124	122	0.533002
124	123	2.405351
124	125	2.375000
124	126	0.500000
124	127	1.000000
124	128	0.935414
125	41	0.510310
125	42	0.639602
125	45	0.721688
125	121	1.264911
125	122	1.066004
125	123	1.069045
125	124	2.375000
125	126	2.500000
125	127	1.000000
125	128	1.469937
125	129	0.944911
126	122	0.533002
126	123	1.069045
126	124	0.500000
126	125	2.500000
126	127	2.250000
126	128	0.935414
126	129	0.472456
126	130	1.250000
127	123	1.069045
127	124	1.000000
127	125	1.000000
127	126	2.250000
127	128	2.271721
127	129	0.472456
127	130	1.125000
127	131	0.801784
128	90	0.338062
128	93	0.881917
128	94	0.285714
128	97	0.142857
128	124	0.935414
128	125	1.469937
128	126	0.935414
128	127	2.271721
128	129	2.020305
128	130	0.801784
128	131	0.714286
128	132	1.234427
129	45	0.872872
129	49	0.717137
129	86	0.661438
129	90	0.717137
129	125	0.944911
129	126	0.472456
129	127	0.472456
129	128	2.020305
129	130	1.606349
129	131	0.505076
129	132	0.763763
129	133	0.400892
130	126	1.250000
130	127	1.125000
130	128	0.801784
130	129	1.606349
130	131	2.672612
130	132	0.866025
130	133	0.883883
130	134	0.750000
131	93	0.629941
131	127	0.801784
131	128	0.714286
131	129	0.505076
131	130	2.672612
131	132	2.777460
131	133	1.511858
131	134	1.202676
131	135	1.000000
132	86	0.721688
132	89	1.388730
132	90	1.095445
132	93	1.905159
132	128	1.234427
132	129	0.763763
132	130	0.866025
132	131	2.777460
132	133	3.061862
132	134	0.721688
132	135	1.388730
132	136	1.166667
132	137	0.123091
133	86	0.353553
133	129	0.400892
133	130	0.883883
133	131	1.511858
133	132	3.061862
133	134	2.651650
133	135	1.322876
133	136	2.041241
133	137	1.356801
133	138	0.176777
134	130	0.750000
134	131	1.202676
134	132	0.721688
134	133	2.651650
134	135	2.538982
134	136	0.433013
134	138	1.625000
134	139	0.133631
135	89	0.142857
135	93	0.125988
135	131	1.000000
135	132	1.388730
135	133	1.322876
135	134	2.538982
135	136	2.623157
135	137	0.113961
135	139	0.571429
135	177	0.142857
136	82	0.333333
136	85	0.771517
136	86	1.154701
136	132	1.166667
136	133	2.041241
136	134	0.433013
136	135	2.623157
136	137	2.954196
136	138	0.288675
136	139	1.080123
136	140	0.721688
137	79	0.363636
137	82	2.092555
137	83	0.426401
137	86	0.426401
137	132	0.123091
137	133	1.356801
137	135	0.113961
137	136	2.954196
137	138	1.705606
137	139	0.797724
137	140	0.533002
137	141	1.608061
137	142	0.106600
138	133	0.176777
138	134	1.625000
138	136	0.288675
138	137	1.705606
138	139	3.073504
138	140	0.500000
138	141	0.589256
138	142	1.000000
139	134	0.133631
139	135	0.571429
139	136	1.080123
139	137	0.797724
139	138	3.073504
139	140	2.538982
139	141	0.251976
139	142	0.668153
139	143	0.478091
139	144	1.515229
139	145	0.545545
139	170	0.327327
140	78	0.589256
140	81	0.668153
140	82	1.299038
140	85	0.267261
140	136	0.721688
140	137	0.533002
140	138	0.500000
140	139	2.538982
140	141	2.003469
140	142	0.625000
140	143	0.670820
140	145	1.224745
140	164	0.213201
140	170	0.204124
141	78	1.444444
141	79	0.201008
141	82	0.544331
141	137	1.608061
141	138	0.589256
141	139	0.251976
141	140	2.003469
141	142	1.885618
141	143	0.948683
142	137	0.106600
142	138	1.000000
142	139	0.668153
142	140	0.625000
142	141	1.885618
142	143	2.459675
142	144	1.417367
143	78	0.632456
143	139	0.478091
143	140	0.670820
143	141	0.948683
143	142	2.459675
143	144	1.436762
143	145	0.547723
143	146	2.669695
144	139	1.515229
144	142	1.417367
144	143	1.436762
144	145	1.311578
144	146	0.322329
144	167	0.377964
144	170	0.077152
145	139	0.545545
145	140	1.224745
145	143	0.547723
145	144	1.311578
145	146	3.307475
145	147	0.258199
145	156	0.416667
145	164	0.870388
145	165	0.261116
145	166	0.981981
145	167	1.122683
145	170	1.583333
146	143	2.669695
146	144	0.322329
146	145	3.307475
146	147	2.427120
146	148	0.227921
146	156	2.611165
146	165	0.090909
146	166	0.113961
146	167	0.959403
147	145	0.258199
147	146	2.427120
147	148	2.704494
147	149	0.707107
147	152	0.400000
147	156	1.032796
147	165	0.134840
147	166	0.845154
147	167	0.948683
148	146	0.227921
148	147	2.704494
148	149	2.270934
148	150	0.251976
148	153	0.534522
149	147	0.707107
149	148	2.270934
149	150	1.686548
149	151	1.054093
149	152	2.404163
149	153	0.894427
149	165	0.286039
150	148	0.251976
150	149	1.686548
150	151	1.888889
150	152	1.192570
150	153	1.885618
150	154	1.649916
151	149	1.054093
151	150	1.888889
151	152	2.534210
151	153	0.353553
151	154	0.707107
151	155	0.544331
151	165	0.603023
152	147	0.400000
152	149	2.404163
152	150	1.192570
152	151	2.534210
152	153	2.846050
152	154	1.264911
152	155	1.643168
152	156	2.581989
152	165	1.078720
153	148	0.534522
153	149	0.894427
153	150	1.885618
153	151	0.353553
153	152	2.846050
153	154	2.500000
153	155	0.866025
153	156	1.530931
153	157	0.632456
154	150	1.649916
154	151	0.707107
154	152	1.264911
154	153	2.500000
154	155	2.453739
154	156	0.612372
154	157	0.790569
154	158	0.707107
155	151	0.544331
155	152	1.643168
155	153	0.866025
155	154	2.453739
155	156	2.239171
155	157	0.547723
155	158	1.496910
155	161	2.833333
155	162	0.500000
155	163	0.866025
155	165	0.492366
156	74	0.306186
156	145	0.416667
156	146	2.611165
156	147	1.032796
156	152	2.581989
156	153	1.530931
156	154	0.612372
156	155	2.239171
156	157	2.323790
156	158	0.866025
156	165	0.609272
156	166	0.109109
157	74	0.316228
157	153	0.632456
157	154	0.790569
157	155	0.547723
157	156	2.323790
157	158	2.236068
157	159	0.447214
158	74	0.707107
158	154	0.707107
158	155	1.496910
158	156	0.866025
158	157	2.236068
158	159	2.111111
158	160	2.141799
158	161	1.769076
159	70	0.356348
159	73	0.500000
159	74	1.296362
159	157	0.447214
159	158	2.111111
159	160	2.393775
159	161	0.544331
160	69	0.668153
160	70	1.919290
160	158	2.141799
160	159	2.393775
160	161	2.314550
160	162	0.308607
161	70	0.218218
161	74	0.144338
161	77	0.166667
161	155	2.833333
161	158	1.769076
161	159	0.544331
161	160	2.314550
161	162	2.166667
161	163	0.866025
162	64	1.032796
162	70	1.745743
162	77	1.500000
162	80	0.218218
162	81	0.154303
162	155	0.500000
162	160	0.308607
162	161	2.166667
162	163	2.886751
162	164	0.246183
163	64	0.111803
163	155	0.866025
163	161	0.866025
163	162	2.886751
163	164	1.385805
163	165	1.279204
163	244	0.471405
164	81	0.455842
164	140	0.213201
164	145	0.870388
164	162	0.246183
164	163	1.385805
164	165	1.727273
164	166	1.139606
164	170	0.435194
165	145	0.261116
165	146	0.090909
165	147	0.134840
165	149	0.286039
165	151	0.603023
165	152	1.078720
165	155	0.492366
165	156	0.609272
165	163	1.279204
165	164	1.727273
165	166	1.937330
166	145	0.981981
166	146	0.113961
166	147	0.845154
166	156	0.109109
166	164	1.139606
166	165	1.937330
166	167	3.207135
166	168	0.251976
166	170	0.545545
166	171	0.507093
167	144	0.377964
167	145	1.122683
167	146	0.959403
167	147	0.948683
167	166	3.207135
167	168	2.239171
167	169	1.423025
167	170	1.224745
167	171	0.790569
168	166	0.251976
168	167	2.239171
168	169	2.534210
168	170	0.769800
168	171	1.341641
168	172	0.707107
168	236	0.881917
169	167	1.423025
169	168	2.534210
169	170	2.194691
169	171	1.000000
169	172	0.790569
169	173	1.000000
170	139	0.327327
170	140	0.204124
170	144	0.077152
170	145	1.583333
170	164	0.435194
170	166	0.545545
170	167	1.224745
170	168	0.769800
170	169	2.194691
170	171	2.581989
170	172	0.918559
170	173	0.645497
170	174	2.121320
170	175	0.117851
171	166	0.507093
171	167	0.790569
171	168	1.341641
171	169	1.000000
171	170	2.581989
171	172	2.687936
171	173	0.400000
171	174	0.365148
171	175	1.278019
171	236	0.169031
172	168	0.707107
172	169	0.790569
172	170	0.918559
172	171	2.687936
172	173	3.004164
172	174	0.577350
172	175	1.299038
172	176	1.250000
172	236	0.801784
173	169	1.000000
173	170	0.645497
173	171	0.400000
173	172	3.004164
173	174	3.103761
173	175	0.912871
173	176	0.790569
173	177	1.014185
174	170	2.121320
174	171	0.365148
174	172	0.577350
174	173	3.103761
174	175	3.166667
174	176	0.721688
174	177	0.771517
174	178	1.666667
174	179	0.123091
175	170	0.117851
175	171	1.278019
175	172	1.299038
175	173	0.912871
175	174	3.166667
175	176	2.598076
175	177	0.462910
175	178	0.500000
175	179	0.984732
175	180	0.942809
175	229	0.492366
175	232	0.144338
175	233	0.144338
176	172	1.250000
176	173	0.790569
176	174	0.721688
176	175	2.598076
176	177	2.538982
176	178	0.433013
176	179	0.426401
176	180	1.224745
176	181	0.935414
176	182	0.133631
177	135	0.142857
177	173	1.014185
177	174	0.771517
177	175	0.462910
177	176	2.538982
177	178	2.623157
177	179	0.227921
177	181	0.285714
177	182	0.428571
178	89	1.543033
178	92	0.288675
178	174	1.666667
178	175	0.500000
178	176	0.433013
178	177	2.623157
178	179	2.092555
178	180	0.117851
178	182	0.617213
179	92	0.213201
179	174	0.123091
179	175	0.984732
179	176	0.426401
179	177	0.227921
179	178	2.092555
179	180	2.611165
179	181	0.455842
179	182	1.481487
179	183	1.172604
179	221	0.090909
179	225	0.322329
179	226	0.533002
179	229	2.727273
180	175	0.942809
180	176	1.224745
180	178	0.117851
180	179	2.611165
180	181	1.854852
180	182	0.545545
180	183	0.816497
180	184	0.654654
180	226	0.102062
180	229	0.783349
180	230	0.408248
180	233	0.612372
181	176	0.935414
181	177	0.285714
181	179	0.455842
181	180	1.854852
181	182	3.714286
181	183	0.935414
181	184	0.714286
181	185	1.202676
182	92	1.069045
182	93	0.125988
182	96	1.234427
182	176	0.133631
182	177	0.428571
182	178	0.617213
182	179	1.481487
182	180	0.545545
182	181	3.714286
182	183	2.405351
182	184	0.285714
182	185	0.935414
182	186	0.668153
183	92	0.500000
183	179	1.172604
183	180	0.816497
183	181	0.935414
183	182	2.405351
183	184	2.538982
183	185	1.000000
183	186	1.125000
183	187	0.935414
183	222	0.400892
183	226	0.125000
184	180	0.654654
184	181	0.714286
184	182	0.285714
184	183	2.538982
184	185	2.405351
184	186	0.668153
184	187	0.714286
184	188	0.569803
185	96	0.433013
185	181	1.202676
185	182	0.935414
185	183	1.000000
185	184	2.405351
185	186	2.250000
185	187	0.801784
185	188	0.639602
185	189	1.069045
186	92	0.250000
186	95	0.500000
186	96	0.866025
186	99	0.474342
186	182	0.668153
186	183	1.125000
186	184	0.668153
186	185	2.250000
186	187	2.806243
186	188	0.533002
186	189	0.668153
186	190	0.510310
186	218	1.375000
186	222	0.133631
187	183	0.935414
187	184	0.714286
187	185	0.801784
187	186	2.806243
187	188	2.051290
187	189	0.714286
187	190	0.545545
187	191	0.925820
188	184	0.569803
188	185	0.639602
188	186	0.533002
188	187	2.051290
188	189	2.621093
188	190	0.435194
188	191	1.107823
188	192	1.090909
189	99	0.676123
189	100	0.285714
189	103	0.327327
189	185	1.069045
189	186	0.668153
189	187	0.714286
189	188	2.621093
189	190	1.854852
189	191	1.080123
189	192	0.911685
189	193	0.857143
190	99	0.516398
190	102	0.174078
190	186	0.510310
190	187	0.545545
190	188	0.435194
190	189	1.854852
190	191	2.121320
190	192	0.522233
190	193	2.182179
190	194	1.479660
190	211	1.020621
190	214	0.714435
190	215	0.866025
190	218	1.020621
191	187	0.925820
191	188	1.107823
191	189	1.080123
191	190	2.121320
191	192	2.215647
191	193	1.080123
191	194	0.861640
191	195	0.952579
192	103	0.435194
192	188	1.090909
192	189	0.911685
192	190	0.522233
192	191	2.215647
192	193	1.937330
192	194	0.454545
192	195	1.909572
192	196	0.502519
193	99	0.169031
193	102	0.341882
193	103	0.545545
193	106	0.267261
193	189	0.857143
193	190	2.182179
193	191	1.080123
193	192	1.937330
193	194	2.051290
193	195	0.755929
193	196	0.881917
193	197	0.845154
193	211	0.400892
194	190	1.479660
194	191	0.861640
194	192	0.454545
194	193	2.051290
194	195	1.708564
194	196	0.804030
194	197	1.213560
194	198	0.502519
194	203	0.272727
194	211	0.426401
194	212	0.201008
194	215	0.150756
195	191	0.952579
195	192	1.909572
195	193	0.755929
195	194	1.708564
195	196	2.000000
195	197	0.596285
195	198	0.777778
195	199	0.502519
196	106	0.707107
196	107	0.251976
196	192	0.502519
196	193	0.881917
196	194	0.804030
196	195	2.000000
196	197	2.534210
196	198	0.888889
196	199	2.010076
196	200	0.777778
197	106	0.474342
197	193	0.845154
197	194	1.213560
197	195	0.596285
197	196	2.534210
197	198	2.534210
197	199	0.943880
197	200	1.639783
197	201	0.316228
197	208	1.697056
197	211	0.158114
198	194	0.502519
198	195	0.777778
198	196	0.888889
198	197	2.534210
198	199	1.708564
198	200	0.777778
198	201	1.532065
198	202	0.555556
199	195	0.502519
199	196	2.010076
199	197	0.943880
199	198	1.708564
199	200	1.708564
199	201	0.639602
200	106	0.471405
200	111	0.666667
200	112	0.769800
200	196	0.777778
200	197	1.639783
200	198	0.777778
200	199	1.708564
200	201	2.121320
200	208	0.421637
201	197	0.316228
201	198	1.532065
201	199	0.639602
201	200	2.121320
201	202	0.353553
201	208	0.335410
202	198	0.555556
202	201	0.353553
202	203	2.512595
202	204	1.224745
203	194	0.272727
203	202	2.512595
203	204	2.092555
203	205	0.319801
203	208	0.667424
203	209	0.804030
203	212	1.507557
204	202	1.224745
204	203	2.092555
204	205	2.742414
204	206	0.272166
204	209	1.088662
205	203	0.319801
205	204	2.742414
205	206	1.885618
205	207	2.357023
205	208	1.788854
205	209	0.824958
206	204	0.272166
206	205	1.885618
206	207	3.222222
206	208	0.632456
206	209	1.111111
206	210	0.596285
207	112	0.769800
207	205	2.357023
207	206	3.222222
207	208	2.424413
207	209	0.555556
207	210	1.341641
207	211	0.707107
208	112	0.273861
208	197	1.697056
208	200	0.421637
208	201	0.335410
208	203	0.667424
208	205	1.788854
208	206	0.632456
208	207	2.424413
208	209	1.791957
208	210	1.131371
208	211	1.229837
208	212	0.421637
209	203	0.804030
209	204	1.088662
209	205	0.824958
209	206	1.111111
209	207	0.555556
209	208	1.791957
209	210	2.534210
209	211	0.942809
209	212	0.888889
209	213	0.755929
209	267	0.402015
210	206	0.596285
210	207	1.341641
210	208	1.131371
210	209	2.534210
210	211	2.687936
210	212	1.043498
210	213	1.859339
210	214	0.948683
211	102	0.106600
211	106	0.125000
211	112	0.204124
211	190	1.020621
211	193	0.400892
211	194	0.426401
211	197	0.158114
211	207	0.707107
211	208	1.229837
211	209	0.942809
211	210	2.687936
211	212	1.885618
211	213	0.801784
211	214	0.750000
211	215	0.530330
212	194	0.201008
212	203	1.507557
212	208	0.421637
212	209	0.888889
212	210	1.043498
212	211	1.885618
212	213	2.267787
212	214	0.942809
212	215	1.000000
212	216	1.060660
212	267	0.603023
213	209	0.755929
213	210	1.859339
213	211	0.801784
213	212	2.267787
213	214	2.672612
213	215	1.322876
213	216	1.469937
213	217	0.935414
213	264	0.534522
213	265	0.109109
213	267	1.823369
214	39	0.267261
214	43	0.125000
214	98	0.250000
214	102	0.213201
214	190	0.714435
214	210	0.948683
214	211	0.750000
214	212	0.942809
214	213	2.672612
214	215	2.474874
214	216	1.000000
214	217	1.375000
214	218	1.125000
215	190	0.866025
215	194	0.150756
215	211	0.530330
215	212	1.000000
215	213	1.322876
215	214	2.474874
215	216	2.828427
215	217	0.883883
215	218	1.414214
215	219	0.750000
216	212	1.060660
216	213	1.469937
216	214	1.000000
216	215	2.828427
216	217	2.250000
216	218	0.750000
216	219	0.707107
216	220	1.069045
216	264	0.750000
216	267	0.426401
217	46	0.125000
217	95	0.125000
217	213	0.935414
217	214	1.375000
217	215	0.883883
217	216	2.250000
217	218	2.375000
217	219	0.707107
217	220	0.801784
217	221	0.426401
217	261	1.750000
217	264	0.875000
217	265	0.510310
218	95	0.500000
218	98	0.375000
218	99	0.474342
218	186	1.375000
218	190	1.020621
218	214	1.125000
218	215	1.414214
218	216	0.750000
218	217	2.375000
218	219	2.651650
218	220	0.935414
218	221	0.639602
218	222	0.801784
219	215	0.750000
219	216	0.707107
219	217	0.707107
219	218	2.651650
219	220	3.023716
219	221	0.904534
219	222	2.267787
219	223	1.414214
220	216	1.069045
220	217	0.801784
220	218	0.935414
220	219	3.023716
220	221	2.165251
220	222	1.142857
220	223	0.668153
220	224	1.234427
220	257	0.668153
220	260	0.227921
220	264	0.400892
221	88	0.227921
221	91	0.492366
221	92	1.066004
221	95	0.426401
221	179	0.090909
221	217	0.426401
221	218	0.639602
221	219	0.904534
221	220	2.165251
221	222	2.393172
221	223	0.426401
221	224	0.738549
221	225	1.611646
221	257	1.172604
222	183	0.400892
222	186	0.133631
222	218	0.801784
222	219	2.267787
222	220	1.142857
222	221	2.393172
222	223	2.672612
222	224	1.080123
222	225	0.404061
222	226	1.069045
222	227	0.142857
223	219	1.414214
223	220	0.668153
223	221	0.426401
223	222	2.672612
223	224	2.309401
223	225	0.283473
223	226	0.250000
223	227	0.400892
224	220	1.234427
224	221	0.738549
224	222	1.080123
224	223	2.309401
224	225	1.963961
224	226	0.288675
224	227	0.308607
224	250	0.144338
224	253	1.876388
224	254	1.020621
224	257	1.010363
224	260	0.246183
225	88	0.808122
225	179	0.322329
225	221	1.611646
225	222	0.404061
225	223	0.283473
225	224	1.963961
225	226	1.511858
225	227	0.808122
225	228	0.966988
225	229	1.208734
225	251	0.377964
225	254	2.538982
225	255	0.308607
225	257	0.094491
226	179	0.533002
226	180	0.102062
226	183	0.125000
226	222	1.069045
226	223	0.250000
226	224	0.288675
226	225	1.511858
226	227	3.474396
226	228	0.639602
226	229	0.533002
226	230	1.625000
227	222	0.142857
227	223	0.400892
227	224	0.308607
227	225	0.808122
227	226	3.474396
227	228	2.165251
227	229	0.683763
227	230	0.935414
227	231	0.857143
227	250	0.534522
228	225	0.966988
228	226	0.639602
228	227	2.165251
228	229	2.363636
228	230	0.639602
228	231	0.797724
228	232	1.599005
228	247	1.479660
228	250	1.172604
228	251	1.705606
229	88	0.227921
229	175	0.492366
229	179	2.727273
229	180	0.783349
229	225	1.208734
229	226	0.533002
229	227	0.683763
229	228	2.363636
229	230	1.812206
229	231	0.683763
229	232	1.492405
229	233	0.533002
230	180	0.408248
230	226	1.625000
230	227	0.935414
230	228	0.639602
230	229	1.812206
230	231	2.271721
230	232	0.875000
230	233	0.625000
230	234	1.069045
231	227	0.857143
231	228	0.797724
231	229	0.683763
231	230	2.271721
231	232	2.538982
231	233	1.069045
231	234	1.428571
231	235	1.553797
231	242	0.534522
231	247	0.545545
231	250	0.133631
232	175	0.144338
232	228	1.599005
232	229	1.492405
232	230	0.875000
232	231	2.538982
232	233	2.375000
232	234	0.534522
232	235	0.559017
232	236	0.801784
232	247	0.816497
233	175	0.144338
233	180	0.612372
233	229	0.533002
233	230	0.625000
233	231	1.069045
233	232	2.375000
233	234	2.405351
233	235	0.894427
233	236	1.603567
233	237	0.875000
234	230	1.069045
234	231	1.428571
234	232	0.534522
234	233	2.405351
234	235	2.270934
234	236	1.000000
234	237	1.202676
234	238	1.133893
234	241	0.133631
235	231	1.553797
235	232	0.559017
235	233	0.894427
235	234	2.270934
235	236	2.031889
235	237	0.447214
235	238	1.686548
235	239	2.683282
235	240	0.894427
235	241	0.559017
235	242	1.229837
236	168	0.881917
236	171	0.169031
236	172	0.801784
236	232	0.801784
236	233	1.603567
236	234	1.000000
236	235	2.031889
236	237	2.405351
236	238	0.377964
237	233	0.875000
237	234	1.202676
237	235	0.447214
237	236	2.405351
237	238	2.003469
237	239	0.125000
238	234	1.133893
238	235	1.686548
238	236	0.377964
238	237	2.003469
238	239	2.710576
238	240	0.235702
238	241	0.235702
239	235	2.683282
239	237	0.125000
239	238	2.710576
239	240	4.250000
239	241	0.500000
240	235	0.894427
240	238	0.235702
240	239	4.250000
240	241	1.875000
240	242	1.125000
241	234	0.133631
241	235	0.559017
241	238	0.235702
241	239	0.500000
241	240	1.875000
241	242	2.250000
241	243	0.213201
242	231	0.534522
242	235	1.229837
242	240	1.125000
242	241	2.250000
242	243	2.238608
242	244	0.235702
242	246	0.400892
242	247	0.102062
243	241	0.213201
243	242	2.238608
243	244	1.708564
243	245	1.809068
243	246	0.911685
243	247	0.348155
244	163	0.471405
244	242	0.235702
244	243	1.708564
244	245	2.000000
244	246	1.007905
244	247	0.769800
244	248	1.414214
245	243	1.809068
245	244	2.000000
245	246	2.141799
245	247	0.384900
245	248	0.824958
245	249	0.471405
246	242	0.400892
246	243	0.911685
246	244	1.007905
246	245	2.141799
246	247	1.854852
246	248	1.069045
246	249	1.202676
246	250	1.336306
247	228	1.479660
247	231	0.545545
247	232	0.816497
247	242	0.102062
247	243	0.348155
247	244	0.769800
247	245	0.384900
247	246	1.854852
247	248	1.939179
247	249	0.510310
247	250	0.612372
247	251	0.408248
248	65	0.125000
248	244	1.414214
248	245	0.824958
248	246	1.069045
248	247	1.939179
248	249	2.250000
248	250	0.875000
248	251	1.125000
248	252	0.944911
249	245	0.471405
249	246	1.202676
249	247	0.510310
249	248	2.250000
249	250	2.250000
249	251	1.000000
249	252	0.755929
249	253	1.000000
250	224	0.144338
250	227	0.534522
250	228	1.172604
250	231	0.133631
250	246	1.336306
250	247	0.612372
250	248	0.875000
250	249	2.250000
250	251	2.000000
250	252	0.377964
250	253	1.375000
250	254	0.530330
251	225	0.377964
251	228	1.705606
251	247	0.408248
251	248	1.125000
251	249	1.000000
251	250	2.000000
251	252	1.795331
251	253	1.000000
251	254	1.060660
251	255	2.143304
252	11	0.661438
252	14	0.094491
252	58	0.404061
252	61	0.534522
252	62	0.717137
252	65	0.377964
252	248	0.944911
252	249	0.755929
252	250	0.377964
252	251	1.795331
252	253	1.606349
252	254	1.069045
252	255	1.928792
252	256	0.707107
253	224	1.876388
253	249	1.000000
253	250	1.375000
253	251	1.000000
253	252	1.606349
253	254	2.828427
253	255	0.510310
253	256	0.935414
253	257	0.500000
254	224	1.020621
254	225	2.538982
254	250	0.530330
254	251	1.060660
254	252	1.069045
254	253	2.828427
254	255	2.165064
254	256	0.944911
254	257	1.237437
254	258	0.204124
255	18	0.102062
255	53	0.816497
255	57	0.327327
255	58	0.327327
255	80	0.154303
255	84	0.918559
255	225	0.308607
255	251	2.143304
255	252	1.928792
255	253	0.510310
255	254	2.165064
255	256	1.963961
255	257	0.714435
255	258	0.824958
256	14	0.267261
256	252	0.707107
256	253	0.935414
256	254	0.944911
256	255	1.963961
256	257	2.271721
256	258	1.080123
256	259	0.755929
256	260	1.367527
257	220	0.668153
257	221	1.172604
257	224	1.010363
257	225	0.094491
257	253	0.500000
257	254	1.237437
257	255	0.714435
257	256	2.271721
257	258	2.742414
257	259	1.237437
257	260	1.492405
257	261	0.250000
258	18	1.299038
258	22	0.577350
258	50	3.031089
258	53	0.577350
258	254	0.204124
258	255	0.824958
258	256	1.080123
258	257	2.742414
258	259	2.653614
258	260	0.246183
258	262	0.154303
259	18	0.530330
259	256	0.755929
259	257	1.237437
259	258	2.653614
259	260	2.562846
259	261	0.353553
259	262	0.755929
259	263	0.353553
260	220	0.227921
260	224	0.246183
260	256	1.367527
260	257	1.492405
260	258	0.246183
260	259	2.562846
260	261	2.025407
260	262	1.139606
260	263	0.852803
260	264	0.959403
261	46	0.250000
261	50	0.125000
261	217	1.750000
261	257	0.250000
261	259	0.353553
261	260	2.025407
261	262	3.207135
261	263	1.000000
261	264	1.750000
261	265	2.041241
262	21	1.133893
262	22	0.935414
262	25	0.428571
262	258	0.154303
262	259	0.755929
262	260	1.139606
262	261	3.207135
262	263	2.538982
262	264	0.668153
262	265	1.418416
262	266	0.308607
262	275	0.227921
263	259	0.353553
263	260	0.852803
263	261	1.000000
263	262	2.538982
263	264	2.250000
263	265	0.714435
263	266	1.154701
263	267	0.106600
264	213	0.534522
264	216	0.750000
264	217	0.875000
264	220	0.400892
264	260	0.959403
264	261	1.750000
264	262	0.668153
264	263	2.250000
264	265	1.837117
264	266	1.010363
264	267	0.959403
265	25	0.436436
265	43	0.918559
265	46	0.102062
265	213	0.109109
265	217	0.510310
265	261	2.041241
265	262	1.418416
265	263	0.714435
265	264	1.837117
265	266	2.003469
265	267	0.609272
265	268	0.824958
265	271	0.696311
265	275	0.087039
266	262	0.308607
266	263	1.154701
266	264	1.010363
266	265	2.003469
266	267	2.092555
266	268	1.833333
266	272	0.984732
266	275	0.369274
267	209	0.402015
267	212	0.603023
267	213	1.823369
267	216	0.426401
267	263	0.106600
267	264	0.959403
267	265	0.609272
267	266	2.092555
267	268	2.092555
267	269	0.455842
267	272	0.545455
268	265	0.824958
268	266	1.833333
268	267	2.092555
268	269	4.166190
268	270	1.732051
268	271	1.477098
268	272	1.230915
269	267	0.455842
269	268	4.166190
269	270	2.672612
269	271	0.341882
269	272	1.595448
269	273	1.202676
270	34	1.599005
270	35	0.875000
270	268	1.732051
270	269	2.672612
270	271	1.918806
270	272	0.533002
270	273	0.750000
270	274	0.790569
271	25	0.113961
271	29	0.426401
271	35	0.319801
271	40	0.639602
271	265	0.696311
271	268	1.477098
271	269	0.341882
271	270	1.918806
271	272	1.545455
271	273	0.852803
271	274	1.213560
271	275	1.727273
272	266	0.984732
272	267	0.545455
272	268	1.230915
272	269	1.595448
272	270	0.533002
272	271	1.545455
272	273	1.918806
272	274	0.674200
272	275	0.636364
272	276	1.105542
273	34	0.213201
273	269	1.202676
273	270	0.750000
273	271	0.852803
273	272	1.918806
273	274	2.846050
273	275	0.533002
273	276	2.121320
273	277	0.471405
274	28	0.200000
274	32	0.943880
274	35	0.158114
274	270	0.790569
274	271	1.213560
274	272	0.674200
274	273	2.846050
274	275	2.427120
274	276	0.596285
274	277	0.894427
274	278	1.423025
275	24	1.172604
275	25	0.455842
275	28	0.269680
275	262	0.227921
275	265	0.087039
275	266	0.369274
275	271	1.727273
275	272	0.636364
275	273	0.533002
275	274	2.427120
275	276	1.909572
275	277	0.804030
275	278	1.172604
275	279	0.746203
276	272	1.105542
276	273	2.121320
276	274	0.596285
276	275	1.909572
276	277	1.888889
276	278	0.471405
276	279	0.824958
276	280	0.544331
276	281	2.003469
277	31	0.333333
277	32	0.804030
277	273	0.471405
277	274	0.894427
277	275	0.804030
277	276	1.888889
277	278	2.828427
277	279	0.824958
277	280	0.408248
277	281	0.117851
278	24	0.500000
278	27	0.400892
278	28	0.474342
278	31	0.235702
278	32	0.319801
278	274	1.423025
278	275	1.172604
278	276	0.471405
278	277	2.828427
278	279	2.125000
278	280	0.721688
279	20	0.213201
279	24	0.375000
279	275	0.746203
279	276	0.824958
279	277	0.824958
279	278	2.125000
279	280	2.598076
279	281	1.375000
280	276	0.544331
280	277	0.408248
280	278	0.721688
280	279	2.598076
280	281	2.598076
281	276	2.003469
281	277	0.117851
281	279	1.375000
281	280	2.598076
