# shape 282 282
# row_index	column_index	value
0	1	0.394600
0	2	1.972023
0	3	1.195227
0	4	2.958031
1	0	0.394600
1	2	0.466897
1	3	1.403120
1	4	0.721568
1	5	3.968611
2	0	1.972023
2	1	0.466897
2	3	0.582323
2	4	0.999999
2	5	1.166665
2	6	1.763831
3	0	1.195227
3	1	1.403120
3	2	0.582323
3	4	0.380750
3	5	3.299821
3	6	1.496661
3	7	0.481045
3	66	10.582893
3	68	11.224846
4	0	2.958031
4	1	0.721568
4	2	0.999999
4	3	0.380750
4	5	0.350000
4	6	0.755928
4	7	0.831479
4	8	1.763831
4	66	0.935413
5	1	3.968611
5	2	1.166665
5	3	3.299821
5	4	0.350000
5	6	0.330719
5	7	0.935413
5	8	0.881916
5	9	0.935413
6	2	1.763831
6	3	1.496661
6	4	0.755928
6	5	0.330719
6	7	0.377123
6	8	0.999999
6	9	1.131370
6	10	0.881916
7	3	0.481045
7	4	0.831479
7	5	0.935413
7	6	0.377123
7	8	0.377123
7	9	1.999996
7	10	0.831479
7	11	0.999999
7	66	2.666660
8	4	1.763831
8	5	0.881916
8	6	0.999999
8	7	0.377123
8	9	0.353553
8	10	0.661437
8	11	1.131370
8	12	0.699854
8	66	1.414212
9	5	0.935413
9	6	1.131370
9	7	1.999996
9	8	0.353553
9	10	0.415740
9	11	1.999996
9	12	0.577350
9	13	0.888888
10	6	0.881916
10	7	0.831479
10	8	0.661437
10	9	0.415740
10	11	0.374166
10	12	0.925819
10	13	1.247218
10	14	0.831479
11	7	0.999999
11	8	1.131370
11	9	1.999996
11	10	0.374166
11	12	0.407541
11	13	1.142856
11	14	0.615384
11	15	1.247218
11	62	0.903507
11	65	3.999984
11	66	3.999984
11	252	1.511856
12	8	0.699854
12	9	0.577350
12	10	0.925819
12	11	0.407541
12	13	0.384900
12	14	0.989742
12	15	1.080122
12	16	1.732048
13	9	0.888888
13	10	1.247218
13	11	1.142856
13	12	0.384900
13	14	0.470588
13	15	0.935413
13	16	0.888888
13	17	1.264909
14	10	0.831479
14	11	0.615384
14	12	0.989742
14	13	0.470588
14	15	0.393859
14	16	1.599997
14	17	0.790569
14	18	0.888888
14	58	7.483259
14	252	10.582893
14	256	3.741643
15	11	1.247218
15	12	1.080122
15	13	0.935413
15	14	0.393859
15	16	0.440195
15	17	0.845154
15	18	1.247218
15	19	0.999999
15	54	1.322874
15	58	2.333328
15	59	1.399998
16	12	1.732048
16	13	0.888888
16	14	1.599997
16	15	0.440195
16	17	0.351364
16	18	1.599997
16	19	1.496661
16	20	1.563469
17	13	1.264909
17	14	0.790569
17	15	0.845154
17	16	0.351364
17	18	0.351364
17	19	1.479018
17	20	1.483237
17	21	1.490710
18	14	0.888888
18	15	1.247218
18	16	1.599997
18	17	0.351364
18	19	0.374166
18	20	2.345202
18	21	1.414212
18	22	0.799999
18	50	3.999984
18	54	1.414212
18	58	7.483259
18	255	9.797863
18	258	0.769800
18	259	1.885615
19	15	0.999999
19	16	1.496661
19	17	1.479018
19	18	0.374166
19	20	0.516174
19	21	1.763831
19	22	1.496661
19	23	0.874999
19	51	1.247218
19	54	1.763831
19	55	1.496661
20	16	1.563469
20	17	1.483237
20	18	2.345202
20	19	0.516174
20	21	0.390191
20	22	2.345202
20	23	1.253565
20	24	1.563469
20	279	4.690394
21	17	1.490710
21	18	1.414212
21	19	1.763831
21	20	0.390191
21	22	0.353553
21	23	1.058299
21	24	0.628539
21	25	0.881916
21	262	0.881916
22	18	0.799999
22	19	1.496661
22	20	2.345202
22	21	0.353553
22	23	0.440195
22	24	0.999999
22	25	0.831479
22	26	0.999999
22	47	0.702728
22	50	1.142856
22	51	1.599997
22	258	1.732048
22	262	1.069044
23	19	0.874999
23	20	1.253565
23	21	1.058299
23	22	0.440195
23	24	0.415740
23	25	0.999999
23	26	1.247218
23	27	0.874999
23	51	3.741643
24	20	1.563469
24	21	0.628539
24	22	0.999999
24	23	0.415740
24	25	0.415740
24	26	1.999996
24	27	0.748331
24	28	1.264909
24	275	0.852802
24	278	1.999996
24	279	2.666660
25	21	0.881916
25	22	0.831479
25	23	0.999999
25	24	0.415740
25	26	0.393859
25	27	1.399998
25	28	0.986012
25	29	1.069044
25	43	7.483259
25	47	2.958031
25	262	2.333328
25	265	2.291283
25	271	8.774887
25	275	2.193736
26	22	0.999999
26	23	1.247218
26	24	1.999996
26	25	0.393859
26	27	0.374166
26	28	1.054091
26	29	1.599997
26	30	1.264909
26	44	7.483259
26	47	1.581136
26	48	3.464090
26	51	7.999936
27	23	0.874999
27	24	0.748331
27	25	1.399998
27	26	0.374166
27	28	0.328671
27	29	1.870825
27	30	0.845154
27	31	1.322874
27	278	2.494432
28	24	1.264909
28	25	0.986012
28	26	1.054091
28	27	0.328671
28	29	0.372033
28	30	1.249998
28	31	1.341639
28	32	0.674199
28	35	1.054091
28	274	4.999975
28	275	3.708085
28	278	2.108181
29	25	1.069044
29	26	1.599997
29	27	1.870825
29	28	0.372033
29	30	0.395285
29	31	2.121316
29	32	1.876163
29	35	1.999996
29	36	1.697053
29	40	0.727272
29	43	3.999984
29	44	1.496661
29	271	2.345202
30	26	1.264909
30	27	0.845154
30	28	1.249998
30	29	0.395285
30	31	0.447213
30	32	3.708085
30	36	2.236063
31	27	1.322874
31	28	1.341639
31	29	2.121316
31	30	0.447213
31	32	0.343099
31	33	4.499980
31	277	2.999991
31	278	4.242623
32	28	0.674199
32	29	1.876163
32	30	3.708085
32	31	0.343099
32	33	0.663325
32	34	1.571426
32	35	1.172603
32	36	1.658310
32	274	1.059456
32	277	1.243733
32	278	3.126934
33	31	4.499980
33	32	0.663325
33	34	0.585286
33	35	1.212182
33	36	0.473684
34	32	1.571426
34	33	0.585286
34	35	0.493728
34	36	2.487462
34	37	8.774887
34	270	0.625388
34	273	4.690394
35	28	1.054091
35	29	1.999996
35	32	1.172603
35	33	1.212182
35	34	0.493728
35	36	0.565685
35	37	1.069044
35	40	0.799999
35	270	1.142856
35	271	3.126934
35	274	6.324515
36	29	1.697053
36	30	2.236063
36	32	1.658310
36	33	0.473684
36	34	2.487462
36	35	0.565685
36	37	0.396863
36	41	2.078457
36	118	1.799997
37	34	8.774887
37	35	1.069044
37	36	0.396863
37	38	0.350000
37	39	0.636363
37	40	0.440195
37	41	0.833195
37	118	3.968611
38	37	0.350000
38	39	0.368421
38	40	0.935413
38	41	0.833195
38	42	0.731246
38	101	2.494432
38	114	1.080122
38	116	3.741643
38	117	3.499988
38	118	3.968611
38	121	2.958031
39	37	0.636363
39	38	0.368421
39	40	0.356348
39	41	1.309306
39	42	0.797723
39	43	1.069044
39	101	7.483259
39	102	1.754990
39	214	3.741643
40	29	0.727272
40	35	0.799999
40	37	0.440195
40	38	0.935413
40	39	0.356348
40	41	0.544331
40	42	1.876163
40	43	0.615384
40	44	1.247218
40	271	1.563469
41	36	2.078457
41	37	0.833195
41	38	0.833195
41	39	1.309306
41	40	0.544331
41	42	0.638284
41	43	1.224743
41	44	0.763762
41	45	2.121316
41	118	0.944754
41	122	1.148911
41	125	1.959588
42	38	0.731246
42	39	0.797723
42	40	1.876163
42	41	0.638284
42	43	0.521157
42	44	1.096869
42	45	0.812403
42	46	1.876163
42	94	2.193736
42	97	2.193736
42	98	2.345202
42	101	2.345202
42	116	9.380744
42	121	3.708085
42	124	9.380744
42	125	1.563469
43	25	7.483259
43	29	3.999984
43	39	1.069044
43	40	0.615384
43	41	1.224743
43	42	0.521157
43	44	0.393859
43	45	0.866025
43	46	0.799999
43	47	1.264909
43	98	7.999936
43	214	7.999936
43	265	1.088661
44	26	7.483259
44	29	1.496661
44	40	1.247218
44	41	0.763762
44	42	1.096869
44	43	0.393859
44	45	0.341091
44	46	0.935413
44	47	0.657342
44	48	0.925819
45	41	2.121316
45	42	0.812403
45	43	0.866025
45	44	0.341091
45	46	0.407541
45	47	1.095444
45	48	0.999999
45	49	1.369305
45	94	2.160242
45	125	1.385639
45	129	1.145643
46	42	1.876163
46	43	0.799999
46	44	0.935413
46	45	0.407541
46	47	0.395285
46	48	0.989742
46	49	1.054091
46	50	0.888888
46	91	1.385639
46	94	2.494432
46	95	1.999996
46	217	7.999936
46	261	3.999984
46	265	9.797863
47	22	0.702728
47	25	2.958031
47	26	1.581136
47	43	1.264909
47	44	0.657342
47	45	1.095444
47	46	0.395285
47	48	0.342326
47	49	1.249998
47	50	1.054091
47	51	1.264909
48	26	3.464090
48	44	0.925819
48	45	0.999999
48	46	0.989742
48	47	0.342326
48	49	0.342326
48	50	0.866025
48	51	0.769800
48	52	1.080122
49	45	1.369305
49	46	1.054091
49	47	1.249998
49	48	0.342326
49	50	0.332871
49	51	1.264909
49	52	1.183215
49	53	1.054091
49	87	0.608580
49	91	5.477196
49	129	1.394431
50	18	3.999984
50	22	1.142856
50	46	0.888888
50	47	1.054091
50	48	0.866025
50	49	0.332871
50	51	0.500000
50	52	1.069044
50	53	0.727272
50	54	1.885615
50	91	6.928155
50	258	0.329914
50	261	7.999936
51	19	1.247218
51	22	1.599997
51	23	3.741643
51	26	7.999936
51	47	1.264909
51	48	0.769800
51	49	1.264909
51	50	0.500000
51	52	0.415740
51	53	0.999999
51	54	1.131370
51	55	0.888888
52	48	1.080122
52	49	1.183215
52	50	1.069044
52	51	0.415740
52	53	0.415740
52	54	0.755928
52	55	1.247218
52	56	0.845154
52	57	1.749997
52	83	7.483259
52	87	2.160242
53	49	1.054091
53	50	0.727272
53	51	0.999999
53	52	0.415740
53	54	0.404061
53	55	1.333332
53	56	2.108181
53	57	0.498887
53	58	0.935413
53	59	7.483259
53	84	3.999984
53	87	1.732048
53	88	7.483259
53	255	1.224743
53	258	1.732048
54	15	1.322874
54	18	1.414212
54	19	1.763831
54	50	1.885615
54	51	1.131370
54	52	0.755928
54	53	0.404061
54	55	0.314270
54	56	2.236063
54	58	1.763831
54	59	1.058299
55	19	1.496661
55	51	0.888888
55	52	1.247218
55	53	1.333332
55	54	0.314270
55	56	0.395285
55	57	3.741643
55	59	0.935413
56	52	0.845154
56	53	2.108181
56	54	2.236063
56	55	0.395285
56	57	0.348005
56	58	5.916045
56	59	2.958031
56	60	1.854046
56	76	8.366530
56	80	2.788859
56	83	3.162268
57	52	1.749997
57	53	0.498887
57	55	3.741643
57	56	0.348005
57	58	0.368421
57	59	0.874999
57	60	1.754990
57	61	1.763831
57	80	0.899953
57	83	1.870825
57	84	0.935413
57	255	3.055041
58	14	7.483259
58	15	2.333328
58	18	7.483259
58	53	0.935413
58	54	1.763831
58	56	5.916045
58	57	0.368421
58	59	0.291667
58	60	2.193736
58	61	1.322874
58	62	1.479018
58	252	2.474868
58	255	3.055041
59	15	1.399998
59	53	7.483259
59	54	1.058299
59	55	0.935413
59	56	2.958031
59	57	0.874999
59	58	0.291667
59	60	0.417855
59	61	1.322874
59	62	0.845154
59	63	1.479018
60	56	1.854046
60	57	1.754990
60	58	2.193736
60	59	0.417855
60	61	0.473803
60	62	0.927024
60	63	0.927024
60	64	2.097613
60	70	3.102409
60	72	0.846153
60	76	0.886404
60	80	2.481929
61	57	1.763831
61	58	1.322874
61	59	1.322874
61	60	0.473803
61	62	0.298142
61	63	0.894426
61	64	0.790569
61	65	0.942808
61	80	1.496661
61	252	1.870825
62	11	0.903507
62	58	1.479018
62	59	0.845154
62	60	0.927024
62	61	0.298142
62	63	0.294118
62	64	1.010152
62	65	0.903507
62	66	0.790569
62	252	1.394431
63	59	1.479018
63	60	0.927024
63	61	0.894426
63	62	0.294118
63	64	0.441942
63	65	0.903507
63	66	1.264909
63	67	0.790569
63	68	6.708159
63	69	6.324515
63	72	3.708085
64	60	2.097613
64	61	0.790569
64	62	1.010152
64	63	0.441942
64	65	0.496904
64	66	2.981415
64	67	2.236063
64	68	2.371703
64	69	0.688020
64	70	1.075650
64	162	0.968245
64	163	8.944192
65	11	3.999984
65	61	0.942808
65	62	0.903507
65	63	0.903507
65	64	0.496904
65	66	0.421052
65	67	1.599997
65	68	1.060659
65	248	7.999936
65	252	2.645744
66	3	10.582893
66	4	0.935413
66	7	2.666660
66	8	1.414212
66	11	3.999984
66	62	0.790569
66	63	1.264909
66	64	2.981415
66	65	0.421052
66	67	0.500000
66	68	1.212182
67	63	0.790569
67	64	2.236063
67	65	1.599997
67	66	0.500000
67	68	0.499134
67	69	0.666666
67	71	3.741643
68	3	11.224846
68	63	6.708159
68	64	2.371703
68	65	1.060659
68	66	1.212182
68	67	0.499134
68	69	0.471404
69	63	6.324515
69	64	0.688020
69	67	0.666666
69	68	0.471404
69	70	0.503952
69	71	1.069044
69	160	1.496661
70	60	3.102409
70	64	1.075650
70	69	0.503952
70	71	0.549972
70	72	0.477295
70	73	0.748331
70	76	1.999996
70	77	0.763762
70	80	1.166665
70	159	2.806235
70	160	0.521026
70	161	4.582555
70	162	0.572822
71	67	3.741643
71	69	1.069044
71	70	0.549972
71	72	0.313391
71	73	1.763831
72	60	0.846153
72	63	3.708085
72	70	0.477295
72	71	0.313391
72	73	0.473803
72	76	1.772807
73	70	0.748331
73	71	1.763831
73	72	0.473803
73	74	0.377123
73	75	1.658310
73	76	1.496661
73	77	0.979795
73	159	1.999996
74	73	0.377123
74	75	0.586302
74	76	1.511856
74	77	0.769800
74	78	2.121316
74	156	3.265976
74	157	3.162268
74	158	1.414212
74	159	0.771389
74	161	6.928155
75	73	1.658310
75	74	0.586302
75	76	0.517069
75	77	1.354005
75	78	1.989971
75	79	1.833330
76	56	8.366530
76	60	0.886404
76	70	1.999996
76	72	1.772807
76	73	1.496661
76	74	1.511856
76	75	0.517069
76	77	0.509175
76	78	1.403120
76	79	0.653140
76	80	0.933332
76	81	9.899397
76	83	10.582893
77	70	0.763762
77	73	0.979795
77	74	0.769800
77	75	1.354005
77	76	0.509175
77	78	0.408248
77	79	1.624805
77	80	0.916514
77	81	0.810092
77	161	5.999964
77	162	0.666666
78	74	2.121316
78	75	1.989971
78	76	1.403120
78	77	0.408248
78	79	0.585286
78	80	2.806235
78	81	0.721568
78	82	1.224743
78	140	1.697053
78	141	0.692307
78	143	1.581136
79	75	1.833330
79	76	0.653140
79	77	1.624805
79	78	0.585286
79	80	0.653140
79	81	1.096869
79	82	0.738548
79	83	0.852802
79	137	2.749992
79	141	4.974912
80	56	2.788859
80	57	0.899953
80	60	2.481929
80	61	1.496661
80	70	1.166665
80	76	0.933332
80	77	0.916514
80	78	2.806235
80	79	0.653140
80	81	0.380750
80	82	1.309306
80	83	1.511856
80	84	1.763831
80	162	4.582555
80	255	6.480699
81	76	9.899397
81	77	0.810092
81	78	0.721568
81	79	1.096869
81	80	0.380750
81	82	0.341091
81	83	1.496661
81	84	1.069044
81	85	1.399998
81	140	1.496661
81	162	6.480699
81	164	2.193736
82	78	1.224743
82	79	0.738548
82	80	1.309306
82	81	0.341091
82	83	0.384900
82	84	1.154699
82	85	1.296146
82	86	1.385639
82	136	2.999991
82	137	0.477884
82	140	0.769800
82	141	1.837114
83	52	7.483259
83	56	3.162268
83	57	1.870825
83	76	10.582893
83	79	0.852802
83	80	1.511856
83	81	1.496661
83	82	0.384900
83	84	0.444444
83	85	1.247218
83	86	0.888888
83	87	0.989742
83	137	2.345202
84	53	3.999984
84	57	0.935413
84	80	1.763831
84	81	1.069044
84	82	1.154699
84	83	0.444444
84	85	0.393859
84	86	1.333332
84	87	1.385639
84	88	1.247218
84	255	1.088661
85	81	1.399998
85	82	1.296146
85	83	1.247218
85	84	0.393859
85	86	0.440195
85	87	2.160242
85	88	1.399998
85	89	0.874999
85	136	1.296146
85	140	3.741643
86	82	1.385639
86	83	0.888888
86	84	1.333332
86	85	0.440195
86	87	0.384900
86	88	1.069044
86	89	0.831479
86	90	1.264909
86	129	1.511856
86	132	1.385639
86	133	2.828419
86	136	0.866025
86	137	2.345202
87	49	0.608580
87	52	2.160242
87	53	1.732048
87	83	0.989742
87	84	1.385639
87	85	2.160242
87	86	0.384900
87	88	0.381220
87	89	1.296146
87	90	1.095444
87	91	0.857142
88	53	7.483259
88	84	1.247218
88	85	1.399998
88	86	1.069044
88	87	0.381220
88	89	0.388889
88	90	1.479018
88	91	0.720082
88	92	1.496661
88	221	4.387463
88	225	1.237435
88	229	4.387463
89	85	0.874999
89	86	0.831479
89	87	1.296146
89	88	0.388889
89	90	0.311373
89	91	0.925819
89	92	0.935413
89	93	0.661437
89	132	0.720082
89	135	6.999951
89	178	0.648074
90	86	1.264909
90	87	1.095444
90	88	1.479018
90	89	0.311373
90	91	0.322190
90	92	2.108181
90	93	0.958314
90	94	0.845154
90	128	2.958031
90	129	1.394431
90	132	0.912870
91	46	1.385639
91	49	5.477196
91	50	6.928155
91	87	0.857142
91	88	0.720082
91	89	0.925819
91	90	0.322190
91	92	0.384900
91	93	1.224743
91	94	0.648074
91	95	0.989742
91	221	2.031005
92	88	1.496661
92	89	0.935413
92	90	2.108181
92	91	0.384900
92	93	0.424264
92	94	1.069044
92	95	0.727272
92	96	1.385639
92	178	3.464090
92	179	4.690394
92	182	0.935413
92	183	1.999996
92	186	3.999984
92	221	0.938082
93	89	0.661437
93	90	0.958314
93	91	1.224743
93	92	0.424264
93	94	0.466897
93	95	2.121316
93	96	0.918558
93	97	1.322874
93	128	1.133892
93	131	1.587448
93	132	0.524890
93	135	7.937191
93	182	7.937191
94	42	2.193736
94	45	2.160242
94	46	2.494432
94	90	0.845154
94	91	0.648074
94	92	1.069044
94	93	0.466897
94	95	0.374166
94	96	0.810092
94	97	0.583333
94	98	0.748331
94	128	3.499988
95	46	1.999996
95	91	0.989742
95	92	0.727272
95	93	2.121316
95	94	0.374166
95	96	0.407541
95	97	1.069044
95	98	0.615384
95	99	1.581136
95	186	1.999996
95	217	7.999936
95	218	1.999996
95	221	2.345202
96	92	1.385639
96	93	0.918558
96	94	0.810092
96	95	0.407541
96	97	0.360041
96	98	1.154699
96	99	0.782460
96	100	1.080122
96	182	0.810092
96	185	2.309396
96	186	1.154699
97	42	2.193736
97	93	1.322874
97	94	0.583333
97	95	1.069044
97	96	0.360041
97	98	0.415740
97	99	0.845154
97	100	1.399998
97	101	1.496661
97	124	3.741643
97	128	6.999951
98	42	2.345202
98	43	7.999936
98	94	0.748331
98	95	0.615384
98	96	1.154699
98	97	0.415740
98	99	0.351364
98	100	1.496661
98	101	0.999999
98	102	1.172603
98	214	3.999984
98	218	2.666660
99	95	1.581136
99	96	0.782460
99	97	0.845154
99	98	0.351364
99	100	0.328671
99	101	0.903507
99	102	1.483237
99	103	1.936488
99	186	2.108181
99	189	1.479018
99	190	1.936488
99	193	5.916045
99	218	2.108181
100	96	1.080122
100	97	1.399998
100	98	1.496661
100	99	0.328671
100	101	0.440195
100	102	1.462492
100	103	1.018349
100	104	0.877496
100	189	3.499988
101	38	2.494432
101	39	7.483259
101	42	2.345202
101	97	1.496661
101	98	0.999999
101	99	0.903507
101	100	0.440195
101	102	0.312694
101	103	1.399706
101	104	1.876163
101	105	1.264909
101	114	0.989742
101	116	3.999984
102	39	1.754990
102	98	1.172603
102	99	1.483237
102	100	1.462492
102	101	0.312694
102	103	0.718070
102	104	1.833330
102	105	0.570476
102	106	1.563469
102	112	1.914851
102	114	2.708005
102	190	5.744530
102	193	2.924980
102	211	9.380744
102	214	4.690394
103	99	1.936488
103	100	1.018349
103	101	1.399706
103	102	0.718070
103	104	0.459565
103	105	1.290993
103	106	1.224743
103	107	0.539126
103	189	3.055041
103	192	2.297820
103	193	1.833027
104	100	0.877496
104	101	1.876163
104	102	1.833330
104	103	0.459565
104	105	0.463512
104	106	1.563469
104	107	0.877496
104	108	1.624805
104	115	1.563469
105	101	1.264909
105	102	0.570476
105	103	1.290993
105	104	0.463512
105	106	0.395285
105	107	1.183215
105	108	0.912870
105	110	7.416143
105	111	2.236063
105	112	0.595843
105	113	0.838525
105	114	2.738605
106	102	1.563469
106	103	1.224743
106	104	1.563469
106	105	0.395285
106	107	0.356348
106	108	1.732048
106	111	4.242623
106	112	1.088661
106	193	3.741643
106	196	1.414212
106	197	2.108181
106	200	2.121316
106	211	7.999936
107	103	0.539126
107	104	0.877496
107	105	1.183215
107	106	0.356348
107	108	0.381220
107	109	2.333328
107	196	3.968611
108	104	1.624805
108	105	0.912870
108	106	1.732048
108	107	0.381220
108	109	0.240027
108	110	0.427581
108	111	0.668042
108	115	3.464090
109	107	2.333328
109	108	0.240027
109	110	0.365623
109	111	1.133892
110	105	7.416143
110	108	0.427581
110	109	0.365623
110	111	0.621867
110	112	2.872273
110	113	0.904533
111	105	2.236063
111	106	4.242623
111	108	0.668042
111	109	1.133892
111	110	0.621867
111	112	0.494871
111	113	1.799997
111	200	1.499998
112	102	1.914851
112	105	0.595843
112	106	1.088661
112	110	2.872273
112	111	0.494871
112	113	0.546963
112	114	2.828419
112	200	1.299036
112	207	1.299036
112	208	3.651470
112	211	4.898955
113	105	0.838525
113	110	0.904533
113	111	1.799997
113	112	0.546963
113	114	0.408248
113	115	2.828419
114	38	1.080122
114	101	0.989742
114	102	2.708005
114	105	2.738605
114	112	2.828419
114	113	0.408248
114	115	0.329914
114	116	0.407541
115	104	1.563469
115	108	3.464090
115	113	2.828419
115	114	0.329914
115	116	0.470588
115	117	3.741643
115	120	4.242623
116	38	3.741643
116	42	9.380744
116	101	3.999984
116	114	0.407541
116	115	0.470588
116	117	0.356348
116	118	4.242623
116	120	1.414212
116	121	3.162268
116	124	7.999936
117	38	3.499988
117	115	3.741643
117	116	0.356348
117	118	0.396863
117	119	0.680301
117	120	0.345098
117	121	1.479018
118	36	1.799997
118	37	3.968611
118	38	3.968611
118	41	0.944754
118	116	4.242623
118	117	0.396863
118	119	0.471404
118	120	2.999991
118	121	0.838525
118	122	0.904533
119	117	0.680301
119	118	0.471404
119	120	0.499134
119	121	0.903507
119	122	0.721602
119	123	1.496661
120	115	4.242623
120	116	1.414212
120	117	0.345098
120	118	2.999991
120	119	0.499134
120	121	0.394600
120	122	1.421409
120	123	0.881916
120	124	1.414212
121	38	2.958031
121	42	3.708085
121	116	3.162268
121	117	1.479018
121	118	0.838525
121	119	0.903507
121	120	0.394600
121	122	0.463512
121	123	0.845154
121	124	0.702728
121	125	0.790569
122	41	1.148911
122	118	0.904533
122	119	0.721602
122	120	1.421409
122	121	0.463512
122	123	0.487498
122	124	1.876163
122	125	0.938082
122	126	1.876163
123	119	1.496661
123	120	0.881916
123	121	0.845154
123	122	0.487498
123	124	0.415740
123	125	0.935413
123	126	0.935413
123	127	0.935413
124	42	9.380744
124	97	3.741643
124	116	7.999936
124	120	1.414212
124	121	0.702728
124	122	1.876163
124	123	0.415740
124	125	0.421052
124	126	1.999996
124	127	0.999999
124	128	1.069044
125	41	1.959588
125	42	1.563469
125	45	1.385639
125	121	0.790569
125	122	0.938082
125	123	0.935413
125	124	0.421052
125	126	0.400000
125	127	0.999999
125	128	0.680301
125	129	1.058299
126	122	1.876163
126	123	0.935413
126	124	1.999996
126	125	0.400000
126	127	0.444444
126	128	1.069044
126	129	2.116597
126	130	0.799999
127	123	0.935413
127	124	0.999999
127	125	0.999999
127	126	0.444444
127	128	0.440195
127	129	2.116597
127	130	0.888888
127	131	1.247218
128	90	2.958031
128	93	1.133892
128	94	3.499988
128	97	6.999951
128	124	1.069044
128	125	0.680301
128	126	1.069044
128	127	0.440195
128	129	0.494975
128	130	1.247218
128	131	1.399998
128	132	0.810092
129	45	1.145643
129	49	1.394431
129	86	1.511856
129	90	1.394431
129	125	1.058299
129	126	2.116597
129	127	2.116597
129	128	0.494975
129	130	0.622529
129	131	1.979895
129	132	1.309306
129	133	2.494432
130	126	0.799999
130	127	0.888888
130	128	1.247218
130	129	0.622529
130	131	0.374166
130	132	1.154699
130	133	1.131370
130	134	1.333332
131	93	1.587448
131	127	1.247218
131	128	1.399998
131	129	1.979895
131	130	0.374166
131	132	0.360041
131	133	0.661437
131	134	0.831479
131	135	0.999999
132	86	1.385639
132	89	0.720082
132	90	0.912870
132	93	0.524890
132	128	0.810092
132	129	1.309306
132	130	1.154699
132	131	0.360041
132	133	0.326599
132	134	1.385639
132	135	0.720082
132	136	0.857142
132	137	8.123972
133	86	2.828419
133	129	2.494432
133	130	1.131370
133	131	0.661437
133	132	0.326599
133	134	0.377123
133	135	0.755928
133	136	0.489898
133	137	0.737027
133	138	5.656822
134	130	1.333332
134	131	0.831479
134	132	1.385639
134	133	0.377123
134	135	0.393859
134	136	2.309396
134	138	0.615384
134	139	7.483259
135	89	6.999951
135	93	7.937191
135	131	0.999999
135	132	0.720082
135	133	0.755928
135	134	0.393859
135	136	0.381220
135	137	8.774887
135	139	1.749997
135	177	6.999951
136	82	2.999991
136	85	1.296146
136	86	0.866025
136	132	0.857142
136	133	0.489898
136	134	2.309396
136	135	0.381220
136	137	0.338501
136	138	3.464090
136	139	0.925819
136	140	1.385639
137	79	2.749992
137	82	0.477884
137	83	2.345202
137	86	2.345202
137	132	8.123972
137	133	0.737027
137	135	8.774887
137	136	0.338501
137	138	0.586302
137	139	1.253565
137	140	1.876163
137	141	0.621867
137	142	9.380744
138	133	5.656822
138	134	0.615384
138	136	3.464090
138	137	0.586302
138	139	0.325361
138	140	1.999996
138	141	1.697053
138	142	0.999999
139	134	7.483259
139	135	1.749997
139	136	0.925819
139	137	1.253565
139	138	0.325361
139	140	0.393859
139	141	3.968611
139	142	1.496661
139	143	2.091646
139	144	0.659966
139	145	1.833027
139	170	3.055041
140	78	1.697053
140	81	1.496661
140	82	0.769800
140	85	3.741643
140	136	1.385639
140	137	1.876163
140	138	1.999996
140	139	0.393859
140	141	0.499134
140	142	1.599997
140	143	1.490710
140	145	0.816496
140	164	4.690394
140	170	4.898955
141	78	0.692307
141	79	4.974912
141	82	1.837114
141	137	0.621867
141	138	1.697053
141	139	3.968611
141	140	0.499134
141	142	0.530330
141	143	1.054091
142	137	9.380744
142	138	0.999999
142	139	1.496661
142	140	1.599997
142	141	0.530330
142	143	0.406558
142	144	0.705533
143	78	1.581136
143	139	2.091646
143	140	1.490710
143	141	1.054091
143	142	0.406558
143	144	0.696009
143	145	1.825739
143	146	0.374574
144	139	0.659966
144	142	0.705533
144	143	0.696009
144	145	0.762440
144	146	3.102409
144	167	2.645744
144	170	12.961313
145	139	1.833027
145	140	0.816496
145	143	1.825739
145	144	0.762440
145	146	0.302345
145	147	3.872968
145	156	2.399994
145	164	1.148911
145	165	3.829694
145	166	1.018349
145	167	0.890723
145	170	0.631579
146	143	0.374574
146	144	3.102409
146	145	0.302345
146	147	0.412011
146	148	4.387463
146	156	0.382971
146	165	10.999879
146	166	8.774887
146	167	1.042314
147	145	3.872968
147	146	0.412011
147	148	0.369755
147	149	1.414212
147	152	2.499994
147	156	0.968245
147	165	7.416143
147	166	1.183215
147	167	1.054091
148	146	4.387463
148	147	0.369755
148	149	0.440347
148	150	3.968611
148	153	1.870825
149	147	1.414212
149	148	0.440347
149	150	0.592927
149	151	0.948682
149	152	0.415945
149	153	1.118033
149	165	3.496017
150	148	3.968611
150	149	0.592927
150	151	0.529411
150	152	0.838525
150	153	0.530330
150	154	0.606091
151	149	0.948682
151	150	0.529411
151	152	0.394600
151	153	2.828419
151	154	1.414212
151	155	1.837114
151	165	1.658310
152	147	2.499994
152	149	0.415945
152	150	0.838525
152	151	0.394600
152	153	0.351364
152	154	0.790569
152	155	0.608580
152	156	0.387298
152	165	0.927024
153	148	1.870825
153	149	1.118033
153	150	0.530330
153	151	2.828419
153	152	0.351364
153	154	0.400000
153	155	1.154699
153	156	0.653197
153	157	1.581136
154	150	0.606091
154	151	1.414212
154	152	0.790569
154	153	0.400000
154	155	0.407541
154	156	1.632990
154	157	1.264909
154	158	1.414212
155	151	1.837114
155	152	0.608580
155	153	1.154699
155	154	0.407541
155	156	0.446594
155	157	1.825739
155	158	0.668042
155	161	0.352941
155	162	1.999996
155	163	1.154699
155	165	2.031005
156	74	3.265976
156	145	2.399994
156	146	0.382971
156	147	0.968245
156	152	0.387298
156	153	0.653197
156	154	1.632990
156	155	0.446594
156	157	0.430331
156	158	1.154699
156	165	1.641301
156	166	9.165067
157	74	3.162268
157	153	1.581136
157	154	1.264909
157	155	1.825739
157	156	0.430331
157	158	0.447213
157	159	2.236063
158	74	1.414212
158	154	1.414212
158	155	0.668042
158	156	1.154699
158	157	0.447213
158	159	0.473684
158	160	0.466897
158	161	0.565267
159	70	2.806235
159	73	1.999996
159	74	0.771389
159	157	2.236063
159	158	0.473684
159	160	0.417750
159	161	1.837114
160	69	1.496661
160	70	0.521026
160	158	0.466897
160	159	0.417750
160	161	0.432049
160	162	3.240360
161	70	4.582555
161	74	6.928155
161	77	5.999964
161	155	0.352941
161	158	0.565267
161	159	1.837114
161	160	0.432049
161	162	0.461538
161	163	1.154699
162	64	0.968245
162	70	0.572822
162	77	0.666666
162	80	4.582555
162	81	6.480699
162	155	1.999996
162	160	3.240360
162	161	0.461538
162	163	0.346410
162	164	4.062003
163	64	8.944192
163	155	1.154699
163	161	1.154699
163	162	0.346410
163	164	0.721602
163	165	0.781735
163	244	2.121316
164	81	2.193736
164	140	4.690394
164	145	1.148911
164	162	4.062003
164	163	0.721602
164	165	0.578947
164	166	0.877496
164	170	2.297820
165	145	3.829694
165	146	10.999879
165	147	7.416143
165	149	3.496017
165	151	1.658310
165	152	0.927024
165	155	2.031005
165	156	1.641301
165	163	0.781735
165	164	0.578947
165	166	0.516174
166	145	1.018349
166	146	8.774887
166	147	1.183215
166	156	9.165067
166	164	0.877496
166	165	0.516174
166	167	0.311805
166	168	3.968611
166	170	1.833027
166	171	1.972023
167	144	2.645744
167	145	0.890723
167	146	1.042314
167	147	1.054091
167	166	0.311805
167	168	0.446594
167	169	0.702728
167	170	0.816496
167	171	1.264909
168	166	3.968611
168	167	0.446594
168	169	0.394600
168	170	1.299036
168	171	0.745355
168	172	1.414212
168	236	1.133892
169	167	0.702728
169	168	0.394600
169	170	0.455645
169	171	0.999999
169	172	1.264909
169	173	0.999999
170	139	3.055041
170	140	4.898955
170	144	12.961313
170	145	0.631579
170	164	2.297820
170	166	1.833027
170	167	0.816496
170	168	1.299036
170	169	0.455645
170	171	0.387298
170	172	1.088661
170	173	1.549191
170	174	0.471404
170	175	8.485209
171	166	1.972023
171	167	1.264909
171	168	0.745355
171	169	0.999999
171	170	0.387298
171	172	0.372033
171	173	2.499994
171	174	2.738605
171	175	0.782460
171	236	5.916045
172	168	1.414212
172	169	1.264909
172	170	1.088661
172	171	0.372033
172	173	0.332871
172	174	1.732048
172	175	0.769800
172	176	0.799999
172	236	1.247218
173	169	0.999999
173	170	1.549191
173	171	2.499994
173	172	0.332871
173	174	0.322190
173	175	1.095444
173	176	1.264909
173	177	0.986012
174	170	0.471404
174	171	2.738605
174	172	1.732048
174	173	0.322190
174	175	0.315789
174	176	1.385639
174	177	1.296146
174	178	0.600000
174	179	8.123972
175	170	8.485209
175	171	0.782460
175	172	0.769800
175	173	1.095444
175	174	0.315789
175	176	0.384900
175	177	2.160242
175	178	1.999996
175	179	1.015504
175	180	1.060659
175	229	2.031005
175	232	6.928155
175	233	6.928155
176	172	0.799999
176	173	1.264909
176	174	1.385639
176	175	0.384900
176	177	0.393859
176	178	2.309396
176	179	2.345202
176	180	0.816496
176	181	1.069044
176	182	7.483259
177	135	6.999951
177	173	0.986012
177	174	1.296146
177	175	2.160242
177	176	0.393859
177	178	0.381220
177	179	4.387463
177	181	3.499988
177	182	2.333328
178	89	0.648074
178	92	3.464090
178	174	0.600000
178	175	1.999996
178	176	2.309396
178	177	0.381220
178	179	0.477884
178	180	8.485209
178	182	1.620183
179	92	4.690394
179	174	8.123972
179	175	1.015504
179	176	2.345202
179	177	4.387463
179	178	0.477884
179	180	0.382971
179	181	2.193736
179	182	0.674997
179	183	0.852802
179	221	10.999879
179	225	3.102409
179	226	1.876163
179	229	0.366667
180	175	1.060659
180	176	0.816496
180	178	8.485209
180	179	0.382971
180	181	0.539126
180	182	1.833027
180	183	1.224743
180	184	1.527523
180	226	9.797863
180	229	1.276568
180	230	2.449484
180	233	1.632990
181	176	1.069044
181	177	3.499988
181	179	2.193736
181	180	0.539126
181	182	0.269231
181	183	1.069044
181	184	1.399998
181	185	0.831479
182	92	0.935413
182	93	7.937191
182	96	0.810092
182	176	7.483259
182	177	2.333328
182	178	1.620183
182	179	0.674997
182	180	1.833027
182	181	0.269231
182	183	0.415740
182	184	3.499988
182	185	1.069044
182	186	1.496661
183	92	1.999996
183	179	0.852802
183	180	1.224743
183	181	1.069044
183	182	0.415740
183	184	0.393859
183	185	0.999999
183	186	0.888888
183	187	1.069044
183	222	2.494432
183	226	7.999936
184	180	1.527523
184	181	1.399998
184	182	3.499988
184	183	0.393859
184	185	0.415740
184	186	1.496661
184	187	1.399998
184	188	1.754990
185	96	2.309396
185	181	0.831479
185	182	1.069044
185	183	0.999999
185	184	0.415740
185	186	0.444444
185	187	1.247218
185	188	1.563469
185	189	0.935413
186	92	3.999984
186	95	1.999996
186	96	1.154699
186	99	2.108181
186	182	1.496661
186	183	0.888888
186	184	1.496661
186	185	0.444444
186	187	0.356348
186	188	1.876163
186	189	1.496661
186	190	1.959588
186	218	0.727272
186	222	7.483259
187	183	1.069044
187	184	1.399998
187	185	1.247218
187	186	0.356348
187	188	0.487498
187	189	1.399998
187	190	1.833027
187	191	1.080122
188	184	1.754990
188	185	1.563469
188	186	1.876163
188	187	0.487498
188	189	0.381520
188	190	2.297820
188	191	0.902670
188	192	0.916666
189	99	1.479018
189	100	3.499988
189	103	3.055041
189	185	0.935413
189	186	1.496661
189	187	1.399998
189	188	0.381520
189	190	0.539126
189	191	0.925819
189	192	1.096869
189	193	1.166665
190	99	1.936488
190	102	5.744530
190	186	1.959588
190	187	1.833027
190	188	2.297820
190	189	0.539126
190	191	0.471404
190	192	1.914851
190	193	0.458257
190	194	0.675830
190	211	0.979795
190	214	1.399706
190	215	1.154699
190	218	0.979795
191	187	1.080122
191	188	0.902670
191	189	0.925819
191	190	0.471404
191	192	0.451335
191	193	0.925819
191	194	1.160576
191	195	1.049780
192	103	2.297820
192	188	0.916666
192	189	1.096869
192	190	1.914851
192	191	0.451335
192	193	0.516174
192	194	2.199995
192	195	0.523677
192	196	1.989971
193	99	5.916045
193	102	2.924980
193	103	1.833027
193	106	3.741643
193	189	1.166665
193	190	0.458257
193	191	0.925819
193	192	0.516174
193	194	0.487498
193	195	1.322874
193	196	1.133892
193	197	1.183215
193	211	2.494432
194	190	0.675830
194	191	1.160576
194	192	2.199995
194	193	0.487498
194	195	0.585286
194	196	1.243733
194	197	0.824021
194	198	1.989971
194	203	3.666653
194	211	2.345202
194	212	4.974912
194	215	6.633206
195	191	1.049780
195	192	0.523677
195	193	1.322874
195	194	0.585286
195	196	0.500000
195	197	1.677048
195	198	1.285713
195	199	1.989971
196	106	1.414212
196	107	3.968611
196	192	1.989971
196	193	1.133892
196	194	1.243733
196	195	0.500000
196	197	0.394600
196	198	1.124999
196	199	0.497493
196	200	1.285713
197	106	2.108181
197	193	1.183215
197	194	0.824021
197	195	1.677048
197	196	0.394600
197	198	0.394600
197	199	1.059456
197	200	0.609836
197	201	3.162268
197	208	0.589255
197	211	6.324515
198	194	1.989971
198	195	1.285713
198	196	1.124999
198	197	0.394600
198	199	0.585286
198	200	1.285713
198	201	0.652714
198	202	1.799997
199	195	1.989971
199	196	0.497493
199	197	1.059456
199	198	0.585286
199	200	0.585286
199	201	1.563469
200	106	2.121316
200	111	1.499998
200	112	1.299036
200	196	1.285713
200	197	0.609836
200	198	1.285713
200	199	0.585286
200	201	0.471404
200	208	2.371703
201	197	3.162268
201	198	0.652714
201	199	1.563469
201	200	0.471404
201	202	2.828419
201	208	2.981415
202	198	1.799997
202	201	2.828419
202	203	0.397995
202	204	0.816496
203	194	3.666653
203	202	0.397995
203	204	0.477884
203	205	3.126934
203	208	1.498296
203	209	1.243733
203	212	0.663325
204	202	0.816496
204	203	0.477884
204	205	0.364642
204	206	3.674221
204	209	0.918558
205	203	3.126934
205	204	0.364642
205	206	0.530330
205	207	0.424264
205	208	0.559017
205	209	1.212182
206	204	3.674221
206	205	0.530330
206	207	0.310345
206	208	1.581136
206	209	0.899999
206	210	1.677048
207	112	1.299036
207	205	0.424264
207	206	0.310345
207	208	0.412471
207	209	1.799997
207	210	0.745355
207	211	1.414212
208	112	3.651470
208	197	0.589255
208	200	2.371703
208	201	2.981415
208	203	1.498296
208	205	0.559017
208	206	1.581136
208	207	0.412471
208	209	0.558049
208	210	0.883883
208	211	0.813115
208	212	2.371703
209	203	1.243733
209	204	0.918558
209	205	1.212182
209	206	0.899999
209	207	1.799997
209	208	0.558049
209	210	0.394600
209	211	1.060659
209	212	1.124999
209	213	1.322874
209	267	2.487462
210	206	1.677048
210	207	0.745355
210	208	0.883883
210	209	0.394600
210	211	0.372033
210	212	0.958314
210	213	0.537825
210	214	1.054091
211	102	9.380744
211	106	7.999936
211	112	4.898955
211	190	0.979795
211	193	2.494432
211	194	2.345202
211	197	6.324515
211	207	1.414212
211	208	0.813115
211	209	1.060659
211	210	0.372033
211	212	0.530330
211	213	1.247218
211	214	1.333332
211	215	1.885615
212	194	4.974912
212	203	0.663325
212	208	2.371703
212	209	1.124999
212	210	0.958314
212	211	0.530330
212	213	0.440958
212	214	1.060659
212	215	0.999999
212	216	0.942808
212	267	1.658310
213	209	1.322874
213	210	0.537825
213	211	1.247218
213	212	0.440958
213	214	0.374166
213	215	0.755928
213	216	0.680301
213	217	1.069044
213	264	1.870825
213	265	9.165067
213	267	0.548435
214	39	3.741643
214	43	7.999936
214	98	3.999984
214	102	4.690394
214	190	1.399706
214	210	1.054091
214	211	1.333332
214	212	1.060659
214	213	0.374166
214	215	0.404061
214	216	0.999999
214	217	0.727272
214	218	0.888888
215	190	1.154699
215	194	6.633206
215	211	1.885615
215	212	0.999999
215	213	0.755928
215	214	0.404061
215	216	0.353553
215	217	1.131370
215	218	0.707106
215	219	1.333332
216	212	0.942808
216	213	0.680301
216	214	0.999999
216	215	0.353553
216	217	0.444444
216	218	1.333332
216	219	1.414212
216	220	0.935413
216	264	1.333332
216	267	2.345202
217	46	7.999936
217	95	7.999936
217	213	1.069044
217	214	0.727272
217	215	1.131370
217	216	0.444444
217	218	0.421052
217	219	1.414212
217	220	1.247218
217	221	2.345202
217	261	0.571428
217	264	1.142856
217	265	1.959588
218	95	1.999996
218	98	2.666660
218	99	2.108181
218	186	0.727272
218	190	0.979795
218	214	0.888888
218	215	0.707106
218	216	1.333332
218	217	0.421052
218	219	0.377123
218	220	1.069044
218	221	1.563469
218	222	1.247218
219	215	1.333332
219	216	1.414212
219	217	1.414212
219	218	0.377123
219	220	0.330719
219	221	1.105540
219	222	0.440958
219	223	0.707106
220	216	0.935413
220	217	1.247218
220	218	1.069044
220	219	0.330719
220	221	0.461840
220	222	0.874999
220	223	1.496661
220	224	0.810092
220	257	1.496661
220	260	4.387463
220	264	2.494432
221	88	4.387463
221	91	2.031005
221	92	0.938082
221	95	2.345202
221	179	10.999879
221	217	2.345202
221	218	1.563469
221	219	1.105540
221	220	0.461840
221	222	0.417855
221	223	2.345202
221	224	1.354005
221	225	0.620483
221	257	0.852802
222	183	2.494432
222	186	7.483259
222	218	1.247218
222	219	0.440958
222	220	0.874999
222	221	0.417855
222	223	0.374166
222	224	0.925819
222	225	2.474868
222	226	0.935413
222	227	6.999951
223	219	0.707106
223	220	1.496661
223	221	2.345202
223	222	0.374166
223	224	0.433013
223	225	3.527656
223	226	3.999984
223	227	2.494432
224	220	0.810092
224	221	1.354005
224	222	0.925819
224	223	0.433013
224	225	0.509175
224	226	3.464090
224	227	3.240360
224	250	6.928155
224	253	0.532938
224	254	0.979795
224	257	0.989742
224	260	4.062003
225	88	1.237435
225	179	3.102409
225	221	0.620483
225	222	2.474868
225	223	3.527656
225	224	0.509175
225	226	0.661437
225	227	1.237435
225	228	1.034138
225	229	0.827311
225	251	2.645744
225	254	0.393859
225	255	3.240360
225	257	10.582893
226	179	1.876163
226	180	9.797863
226	183	7.999936
226	222	0.935413
226	223	3.999984
226	224	3.464090
226	225	0.661437
226	227	0.287820
226	228	1.563469
226	229	1.876163
226	230	0.615384
227	222	6.999951
227	223	2.494432
227	224	3.240360
227	225	1.237435
227	226	0.287820
227	228	0.461840
227	229	1.462492
227	230	1.069044
227	231	1.166665
227	250	1.870825
228	225	1.034138
228	226	1.563469
228	227	0.461840
228	229	0.423077
228	230	1.563469
228	231	1.253565
228	232	0.625388
228	247	0.675830
228	250	0.852802
228	251	0.586302
229	88	4.387463
229	175	2.031005
229	179	0.366667
229	180	1.276568
229	225	0.827311
229	226	1.876163
229	227	1.462492
229	228	0.423077
229	230	0.551813
229	231	1.462492
229	232	0.670059
229	233	1.876163
230	180	2.449484
230	226	0.615384
230	227	1.069044
230	228	1.563469
230	229	0.551813
230	231	0.440195
230	232	1.142856
230	233	1.599997
230	234	0.935413
231	227	1.166665
231	228	1.253565
231	229	1.462492
231	230	0.440195
231	232	0.393859
231	233	0.935413
231	234	0.700000
231	235	0.643584
231	242	1.870825
231	247	1.833027
231	250	7.483259
232	175	6.928155
232	228	0.625388
232	229	0.670059
232	230	1.142856
232	231	0.393859
232	233	0.421052
232	234	1.870825
232	235	1.788851
232	236	1.247218
232	247	1.224743
233	175	6.928155
233	180	1.632990
233	229	1.876163
233	230	1.599997
233	231	0.935413
233	232	0.421052
233	234	0.415740
233	235	1.118033
233	236	0.623609
233	237	1.142856
234	230	0.935413
234	231	0.700000
234	232	1.870825
234	233	0.415740
234	235	0.440347
234	236	0.999999
234	237	0.831479
234	238	0.881916
234	241	7.483259
235	231	0.643584
235	232	1.788851
235	233	1.118033
235	234	0.440347
235	236	0.492153
235	237	2.236063
235	238	0.592927
235	239	0.372678
235	240	1.118033
235	241	1.788851
235	242	0.813115
236	168	1.133892
236	171	5.916045
236	172	1.247218
236	232	1.247218
236	233	0.623609
236	234	0.999999
236	235	0.492153
236	237	0.415740
236	238	2.645744
237	233	1.142856
237	234	0.831479
237	235	2.236063
237	236	0.415740
237	238	0.499134
237	239	7.999936
238	234	0.881916
238	235	0.592927
238	236	2.645744
238	237	0.499134
238	239	0.368925
238	240	4.242623
238	241	4.242623
239	235	0.372678
239	237	7.999936
239	238	0.368925
239	240	0.235294
239	241	1.999996
240	235	1.118033
240	238	4.242623
240	239	0.235294
240	241	0.533333
240	242	0.888888
241	234	7.483259
241	235	1.788851
241	238	4.242623
241	239	1.999996
241	240	0.533333
241	242	0.444444
241	243	4.690394
242	231	1.870825
242	235	0.813115
242	240	0.888888
242	241	0.444444
242	243	0.446706
242	244	4.242623
242	246	2.494432
242	247	9.797863
243	241	4.690394
243	242	0.446706
243	244	0.585286
243	245	0.552770
243	246	1.096869
243	247	2.872273
244	163	2.121316
244	242	4.242623
244	243	0.585286
244	245	0.500000
244	246	0.992156
244	247	1.299036
244	248	0.707106
245	243	0.552770
245	244	0.500000
245	246	0.466897
245	247	2.598069
245	248	1.212182
245	249	2.121316
246	242	2.494432
246	243	1.096869
246	244	0.992156
246	245	0.466897
246	247	0.539126
246	248	0.935413
246	249	0.831479
246	250	0.748331
247	228	0.675830
247	231	1.833027
247	232	1.224743
247	242	9.797863
247	243	2.872273
247	244	1.299036
247	245	2.598069
247	246	0.539126
247	248	0.515682
247	249	1.959588
247	250	1.632990
247	251	2.449484
248	65	7.999936
248	244	0.707106
248	245	1.212182
248	246	0.935413
248	247	0.515682
248	249	0.444444
248	250	1.142856
248	251	0.888888
248	252	1.058299
249	245	2.121316
249	246	0.831479
249	247	1.959588
249	248	0.444444
249	250	0.444444
249	251	0.999999
249	252	1.322874
249	253	0.999999
250	224	6.928155
250	227	1.870825
250	228	0.852802
250	231	7.483259
250	246	0.748331
250	247	1.632990
250	248	1.142856
250	249	0.444444
250	251	0.500000
250	252	2.645744
250	253	0.727272
250	254	1.885615
251	225	2.645744
251	228	0.586302
251	247	2.449484
251	248	0.888888
251	249	0.999999
251	250	0.500000
251	252	0.557000
251	253	0.999999
251	254	0.942808
251	255	0.466569
252	11	1.511856
252	14	10.582893
252	58	2.474868
252	61	1.870825
252	62	1.394431
252	65	2.645744
252	248	1.058299
252	249	1.322874
252	250	2.645744
252	251	0.557000
252	253	0.622529
252	254	0.935413
252	255	0.518459
252	256	1.414212
253	224	0.532938
253	249	0.999999
253	250	0.727272
253	251	0.999999
253	252	0.622529
253	254	0.353553
253	255	1.959588
253	256	1.069044
253	257	1.999996
254	224	0.979795
254	225	0.393859
254	250	1.885615
254	251	0.942808
254	252	0.935413
254	253	0.353553
254	255	0.461880
254	256	1.058299
254	257	0.808121
254	258	4.898955
255	18	9.797863
255	53	1.224743
255	57	3.055041
255	58	3.055041
255	80	6.480699
255	84	1.088661
255	225	3.240360
255	251	0.466569
255	252	0.518459
255	253	1.959588
255	254	0.461880
255	256	0.509175
255	257	1.399706
255	258	1.212182
256	14	3.741643
256	252	1.414212
256	253	1.069044
256	254	1.058299
256	255	0.509175
256	257	0.440195
256	258	0.925819
256	259	1.322874
256	260	0.731246
257	220	1.496661
257	221	0.852802
257	224	0.989742
257	225	10.582893
257	253	1.999996
257	254	0.808121
257	255	1.399706
257	256	0.440195
257	258	0.364642
257	259	0.808121
257	260	0.670059
257	261	3.999984
258	18	0.769800
258	22	1.732048
258	50	0.329914
258	53	1.732048
258	254	4.898955
258	255	1.212182
258	256	0.925819
258	257	0.364642
258	259	0.376844
258	260	4.062003
258	262	6.480699
259	18	1.885615
259	256	1.322874
259	257	0.808121
259	258	0.376844
259	260	0.390191
259	261	2.828419
259	262	1.322874
259	263	2.828419
260	220	4.387463
260	224	4.062003
260	256	0.731246
260	257	0.670059
260	258	4.062003
260	259	0.390191
260	261	0.493728
260	262	0.877496
260	263	1.172603
260	264	1.042314
261	46	3.999984
261	50	7.999936
261	217	0.571428
261	257	3.999984
261	259	2.828419
261	260	0.493728
261	262	0.311805
261	263	0.999999
261	264	0.571428
261	265	0.489898
262	21	0.881916
262	22	1.069044
262	25	2.333328
262	258	6.480699
262	259	1.322874
262	260	0.877496
262	261	0.311805
262	263	0.393859
262	264	1.496661
262	265	0.705011
262	266	3.240360
262	275	4.387463
263	259	2.828419
263	260	1.172603
263	261	0.999999
263	262	0.393859
263	264	0.444444
263	265	1.399706
263	266	0.866025
263	267	9.380744
264	213	1.870825
264	216	1.333332
264	217	1.142856
264	220	2.494432
264	260	1.042314
264	261	0.571428
264	262	1.496661
264	263	0.444444
264	265	0.544331
264	266	0.989742
264	267	1.042314
265	25	2.291283
265	43	1.088661
265	46	9.797863
265	213	9.165067
265	217	1.959588
265	261	0.489898
265	262	0.705011
265	263	1.399706
265	264	0.544331
265	266	0.499134
265	267	1.641301
265	268	1.212182
265	271	1.436139
265	275	11.488993
266	262	3.240360
266	263	0.866025
266	264	0.989742
266	265	0.499134
266	267	0.477884
266	268	0.545454
266	272	1.015504
266	275	2.708005
267	209	2.487462
267	212	1.658310
267	213	0.548435
267	216	2.345202
267	263	9.380744
267	264	1.042314
267	265	1.641301
267	266	0.477884
267	268	0.477884
267	269	2.193736
267	272	1.833330
268	265	1.212182
268	266	0.545454
268	267	0.477884
268	269	0.240027
268	270	0.577350
268	271	0.677003
268	272	0.812403
269	267	2.193736
269	268	0.240027
269	270	0.374166
269	271	2.924980
269	272	0.626783
269	273	0.831479
270	34	0.625388
270	35	1.142856
270	268	0.577350
270	269	0.374166
270	271	0.521157
270	272	1.876163
270	273	1.333332
270	274	1.264909
271	25	8.774887
271	29	2.345202
271	35	3.126934
271	40	1.563469
271	265	1.436139
271	268	0.677003
271	269	2.924980
271	270	0.521157
271	272	0.647058
271	273	1.172603
271	274	0.824021
271	275	0.578947
272	266	1.015504
272	267	1.833330
272	268	0.812403
272	269	0.626783
272	270	1.876163
272	271	0.647058
272	273	0.521157
272	274	1.483237
272	275	1.571426
272	276	0.904533
273	34	4.690394
273	269	0.831479
273	270	1.333332
273	271	1.172603
273	272	0.521157
273	274	0.351364
273	275	1.876163
273	276	0.471404
273	277	2.121316
274	28	4.999975
274	32	1.059456
274	35	6.324515
274	270	1.264909
274	271	0.824021
274	272	1.483237
274	273	0.351364
274	275	0.412011
274	276	1.677048
274	277	1.118033
274	278	0.702728
275	24	0.852802
275	25	2.193736
275	28	3.708085
275	262	4.387463
275	265	11.488993
275	266	2.708005
275	271	0.578947
275	272	1.571426
275	273	1.876163
275	274	0.412011
275	276	0.523677
275	277	1.243733
275	278	0.852802
275	279	1.340117
276	272	0.904533
276	273	0.471404
276	274	1.677048
276	275	0.523677
276	277	0.529411
276	278	2.121316
276	279	1.212182
276	280	1.837114
276	281	0.499134
277	31	2.999991
277	32	1.243733
277	273	2.121316
277	274	1.118033
277	275	1.243733
277	276	0.529411
277	278	0.353553
277	279	1.212182
277	280	2.449484
277	281	8.485209
278	24	1.999996
278	27	2.494432
278	28	2.108181
278	31	4.242623
278	32	3.126934
278	274	0.702728
278	275	0.852802
278	276	2.121316
278	277	0.353553
278	279	0.470588
278	280	1.385639
279	20	4.690394
279	24	2.666660
279	275	1.340117
279	276	1.212182
279	277	1.212182
279	278	0.470588
279	280	0.384900
279	281	0.727272
280	276	1.837114
280	277	2.449484
280	278	1.385639
280	279	0.384900
280	281	0.384900
281	276	0.499134
281	277	8.485209
281	279	0.727272
281	280	0.384900
