# shape 284 284
# row_index	column_index	value
0	1	0.440195
0	2	7.483259
0	5	1.340117
1	0	0.440195
1	2	0.350000
1	5	1.096869
2	0	7.483259
2	1	0.350000
2	3	0.466897
2	4	0.992156
2	5	0.797723
2	6	1.870825
3	2	0.466897
3	4	0.600000
3	5	9.949775
3	6	0.771389
4	2	0.992156
4	3	0.600000
4	5	0.523677
4	6	0.565685
4	7	0.692307
4	8	1.322874
5	0	1.340117
5	1	1.096869
5	2	0.797723
5	3	9.949775
5	4	0.523677
5	6	0.293151
5	7	3.316614
5	8	1.754990
5	9	6.204798
6	2	1.870825
6	3	0.771389
6	4	0.565685
6	5	0.293151
6	7	0.499134
6	8	1.069044
6	9	2.116597
6	10	1.247218
7	4	0.692307
7	5	3.316614
7	6	0.499134
7	8	0.466897
7	9	11.224846
7	10	2.645744
7	11	1.587448
8	4	1.322874
8	5	1.754990
8	6	1.069044
8	7	0.466897
8	9	0.582323
8	10	0.874999
8	11	1.166665
8	12	1.763831
9	5	6.204798
9	6	2.116597
9	7	11.224846
9	8	0.582323
9	10	0.449977
9	11	3.299821
9	12	1.247218
9	13	0.503952
10	6	1.247218
10	7	2.645744
10	8	0.874999
10	9	0.449977
10	11	0.411765
10	12	0.755928
10	13	1.496661
10	14	1.322874
10	72	1.496661
11	7	1.587448
11	8	1.166665
11	9	3.299821
11	10	0.411765
11	12	0.352767
11	13	1.496661
11	14	0.881916
11	15	1.247218
12	8	1.763831
12	9	1.247218
12	10	0.755928
12	11	0.352767
12	13	0.353553
12	14	0.999999
12	15	1.885615
12	16	1.058299
13	9	0.503952
13	10	1.496661
13	11	1.496661
13	12	0.353553
13	14	0.435142
13	15	1.142856
13	16	0.831479
13	17	1.142856
13	72	7.999936
14	10	1.322874
14	11	0.881916
14	12	0.999999
14	13	0.435142
14	15	0.353553
14	16	1.322874
14	17	0.942808
14	18	0.979795
14	72	1.131370
15	11	1.247218
15	12	1.885615
15	13	1.142856
15	14	0.353553
15	16	0.393859
15	17	0.999999
15	18	0.769800
15	19	0.999999
16	12	1.058299
16	13	0.831479
16	14	1.322874
16	15	0.393859
16	17	0.415740
16	18	1.296146
16	19	0.623609
16	20	0.831479
17	13	1.142856
17	14	0.942808
17	15	0.999999
17	16	0.415740
17	18	0.407541
17	19	0.999999
17	20	0.533333
17	21	1.496661
17	68	1.264909
17	71	2.666660
17	72	2.666660
17	252	1.322874
18	14	0.979795
18	15	0.769800
18	16	1.296146
18	17	0.407541
18	19	0.407541
18	20	2.309396
18	21	0.720082
18	22	1.154699
19	15	0.999999
19	16	0.623609
19	17	0.999999
19	18	0.407541
19	20	0.421052
19	21	1.069044
19	22	0.999999
19	23	1.264909
20	16	0.831479
20	17	0.533333
20	18	2.309396
20	19	0.421052
20	21	0.440195
20	22	1.142856
20	23	0.903507
20	24	0.727272
20	64	7.483259
20	256	1.870825
21	17	1.496661
21	18	0.720082
21	19	1.069044
21	20	0.440195
21	22	0.440195
21	23	1.972023
21	24	1.247218
21	25	1.399998
21	60	0.587944
21	64	1.749997
21	65	1.399998
22	18	1.154699
22	19	0.999999
22	20	1.142856
22	21	0.440195
22	23	0.351364
22	24	0.999999
22	25	1.069044
22	26	1.876163
23	19	1.264909
23	20	0.903507
23	21	1.972023
23	22	0.351364
23	24	0.372033
23	25	1.183215
23	26	1.483237
23	27	1.490710
23	259	4.472116
24	20	0.727272
24	21	1.247218
24	22	0.999999
24	23	0.372033
24	25	0.440195
24	26	4.690394
24	27	1.414212
24	28	0.999999
24	56	2.666660
24	59	7.999936
24	60	0.942808
24	64	7.483259
24	255	3.265976
24	258	1.732048
24	259	1.414212
25	21	1.399998
25	22	1.069044
25	23	1.183215
25	24	0.440195
25	26	0.487498
25	27	1.322874
25	28	1.496661
25	29	0.874999
25	57	1.069044
25	60	2.645744
25	61	2.494432
26	22	1.876163
26	23	1.483237
26	24	4.690394
26	25	0.487498
26	27	0.390191
26	28	1.563469
26	29	1.462492
26	30	0.670059
26	279	4.690394
27	23	1.490710
27	24	1.414212
27	25	1.322874
27	26	0.390191
27	28	0.297729
27	29	1.763831
27	30	0.942808
27	31	0.881916
27	262	0.881916
28	24	0.999999
28	25	1.496661
28	26	1.563469
28	27	0.297729
28	29	0.467707
28	30	0.999999
28	31	1.069044
28	32	0.999999
28	53	0.486504
28	56	0.666666
28	57	1.599997
28	258	1.732048
28	262	1.247218
29	25	0.874999
29	26	1.462492
29	27	1.763831
29	28	0.467707
29	30	0.440195
29	31	2.333328
29	32	2.494432
29	33	1.166665
29	57	2.494432
30	26	0.670059
30	27	0.942808
30	28	0.999999
30	29	0.440195
30	31	0.440195
30	32	1.599997
30	33	1.496661
30	34	1.264909
30	275	0.670059
30	278	7.999936
30	279	1.999996
31	27	0.881916
31	28	1.069044
31	29	2.333328
31	30	0.440195
31	32	0.440195
31	33	2.333328
31	34	0.845154
31	35	1.069044
31	49	7.483259
31	53	2.958031
31	262	2.333328
31	266	1.620183
31	271	4.387463
31	275	1.253565
32	28	0.999999
32	29	2.494432
32	30	1.599997
32	31	0.440195
32	33	0.440195
32	34	1.054091
32	35	1.599997
32	36	1.264909
32	53	1.054091
32	54	1.732048
32	57	7.999936
33	29	1.166665
33	30	1.496661
33	31	2.333328
33	32	0.440195
33	34	0.328671
33	35	1.870825
33	36	0.657342
33	37	0.881916
33	278	3.741643
34	30	1.264909
34	31	0.845154
34	32	1.054091
34	33	0.328671
34	35	0.351364
34	36	0.714285
34	37	1.341639
34	38	0.741619
34	41	1.581136
34	271	3.708085
34	274	4.999975
34	275	2.472060
34	278	2.108181
35	31	1.069044
35	32	1.599997
35	33	1.870825
35	34	0.351364
35	36	0.395285
35	37	2.828419
35	38	1.563469
35	41	1.333332
35	42	1.414212
35	46	2.666660
35	49	3.999984
35	50	2.494432
35	271	2.345202
36	32	1.264909
36	33	0.657342
36	34	0.714285
36	35	0.395285
36	37	0.394600
36	38	3.708085
37	33	0.881916
37	34	1.341639
37	35	2.828419
37	36	0.394600
37	38	0.497493
37	39	4.499980
37	278	4.242623
38	34	0.741619
38	35	1.563469
38	36	3.708085
38	37	0.497493
38	39	0.710705
38	40	5.499970
38	41	1.172603
38	42	1.989971
38	274	0.529728
38	277	0.904533
38	278	1.563469
39	37	4.499980
39	38	0.710705
39	40	0.552770
39	41	1.212182
39	42	0.500000
40	38	5.499970
40	39	0.552770
40	41	0.625388
40	42	3.316614
40	43	8.774887
40	270	0.938082
41	34	1.581136
41	35	1.333332
41	38	1.172603
41	39	1.212182
41	40	0.625388
41	42	0.565685
41	43	1.870825
41	46	0.799999
41	268	6.928155
41	270	1.599997
41	271	0.781735
41	274	6.324515
42	35	1.414212
42	38	1.989971
42	39	0.500000
42	40	3.316614
42	41	0.565685
42	43	0.440958
42	44	3.968611
42	124	8.999919
43	40	8.774887
43	41	1.870825
43	42	0.440958
43	44	0.411765
43	45	0.700000
43	46	0.311805
43	47	2.291283
43	124	7.937191
44	42	3.968611
44	43	0.411765
44	45	0.368421
44	46	0.935413
44	47	1.145643
44	48	0.674997
44	107	7.483259
44	118	2.291283
44	122	2.494432
44	123	6.999951
44	127	5.916045
45	43	0.700000
45	44	0.368421
45	46	0.393859
45	47	1.833027
45	48	0.731246
45	49	0.935413
45	104	7.483259
45	107	0.680301
45	108	1.754990
45	118	2.291283
46	35	2.666660
46	41	0.799999
46	43	0.311805
46	44	0.935413
46	45	0.393859
46	47	0.612372
46	48	1.172603
46	49	0.470588
46	50	1.247218
46	271	1.563469
47	43	2.291283
47	44	1.145643
47	45	1.833027
47	46	0.612372
47	48	0.547101
47	49	2.449484
47	50	0.705011
47	51	2.121316
47	124	1.732048
47	127	1.549191
47	128	1.276568
47	131	1.632990
48	44	0.674997
48	45	0.731246
48	46	1.172603
48	47	0.547101
48	49	0.551813
48	50	1.253565
48	51	1.624805
48	52	3.126934
48	100	4.387463
48	103	2.193736
48	104	0.852802
48	107	1.042314
48	127	1.059456
48	130	1.563469
48	131	2.345202
49	31	7.483259
49	35	3.999984
49	45	0.935413
49	46	0.470588
49	47	2.449484
49	48	0.551813
49	50	0.440195
49	51	2.309396
49	52	0.888888
49	53	1.264909
49	104	1.599997
49	265	1.959588
49	266	6.928155
49	271	9.380744
50	35	2.494432
50	46	1.247218
50	47	0.705011
50	48	1.253565
50	49	0.440195
50	51	0.341091
50	52	0.935413
50	53	0.657342
50	54	1.080122
51	47	2.121316
51	48	1.624805
51	49	2.309396
51	50	0.341091
51	52	0.433013
51	53	1.369305
51	54	1.199999
51	55	1.095444
51	100	0.810092
51	131	0.989742
51	134	6.480699
51	135	0.833195
52	48	3.126934
52	49	0.888888
52	50	0.935413
52	51	0.433013
52	53	0.395285
52	54	1.154699
52	55	0.790569
52	56	0.533333
52	97	1.732048
52	100	0.935413
52	101	1.999996
52	104	3.999984
52	261	0.999999
52	265	3.265976
53	28	0.486504
53	31	2.958031
53	32	1.054091
53	49	1.264909
53	50	0.657342
53	51	1.369305
53	52	0.395285
53	54	0.342326
53	55	1.249998
53	56	1.264909
53	57	1.264909
54	32	1.732048
54	50	1.080122
54	51	1.199999
54	52	1.154699
54	53	0.342326
54	55	0.342326
54	56	1.385639
54	57	0.866025
54	58	1.080122
54	135	9.165067
55	51	1.095444
55	52	0.790569
55	53	1.249998
55	54	0.342326
55	56	0.351364
55	57	1.581136
55	58	1.183215
55	59	1.054091
55	93	1.095444
55	96	1.666664
55	97	2.738605
55	135	1.394431
56	24	2.666660
56	28	0.666666
56	52	0.533333
56	53	1.264909
56	54	1.385639
56	55	0.351364
56	57	0.500000
56	58	1.496661
56	59	0.888888
56	60	5.656822
56	97	2.309396
56	258	0.329914
56	261	1.333332
57	25	1.069044
57	28	1.599997
57	29	2.494432
57	32	7.999936
57	53	1.264909
57	54	0.866025
57	55	1.581136
57	56	0.500000
57	58	0.440195
57	59	1.142856
57	60	1.414212
57	61	0.615384
58	54	1.080122
58	55	1.183215
58	56	1.496661
58	57	0.440195
58	59	0.440195
58	60	2.645744
58	61	0.831479
58	62	1.183215
58	63	1.749997
58	89	7.483259
58	93	2.160242
59	24	7.999936
59	55	1.054091
59	56	0.888888
59	57	1.142856
59	58	0.440195
59	60	0.377123
59	61	1.142856
59	62	2.108181
59	63	0.680301
59	64	0.935413
59	65	7.483259
59	93	0.769800
59	94	1.870825
59	97	3.464090
59	258	0.989742
60	21	0.587944
60	24	0.942808
60	25	2.645744
60	56	5.656822
60	57	1.414212
60	58	2.645744
60	59	0.377123
60	61	0.332756
60	62	4.472116
60	64	1.322874
60	65	1.058299
61	25	2.494432
61	57	0.615384
61	58	0.831479
61	59	1.142856
61	60	0.332756
61	62	0.421637
61	63	3.741643
61	65	0.831479
62	58	1.183215
62	59	2.108181
62	60	4.472116
62	61	0.421637
62	63	0.369755
62	64	2.958031
62	65	1.183215
62	66	1.059456
62	86	2.788859
62	89	3.162268
63	58	1.749997
63	59	0.680301
63	61	3.741643
63	62	0.369755
63	64	0.350000
63	65	0.874999
63	66	1.754990
63	67	1.763831
63	86	0.659966
63	89	2.494432
63	90	0.935413
63	255	3.055041
64	20	7.483259
64	21	1.749997
64	24	7.483259
64	59	0.935413
64	60	1.322874
64	62	2.958031
64	63	0.350000
64	65	0.280000
64	66	1.462492
64	67	0.881916
64	68	1.479018
64	252	1.979895
64	255	1.309306
65	21	1.399998
65	59	7.483259
65	60	1.058299
65	61	0.831479
65	62	1.183215
65	63	0.874999
65	64	0.280000
65	66	0.398862
65	67	0.881916
65	68	0.739509
65	69	1.479018
66	62	1.059456
66	63	1.754990
66	64	1.462492
66	65	0.398862
66	67	0.473803
66	68	1.059456
66	69	0.824021
66	70	2.622015
66	76	6.204798
66	78	5.499970
66	82	1.240966
66	86	1.378851
67	63	1.763831
67	64	0.881916
67	65	0.881916
67	66	0.473803
67	68	0.298142
67	69	0.496904
67	70	1.264909
67	71	0.808121
67	86	1.870825
67	252	1.870825
68	17	1.264909
68	64	1.479018
68	65	0.739509
68	66	1.059456
68	67	0.298142
68	69	0.294118
68	70	2.357017
68	71	0.903507
68	72	0.790569
68	252	1.673317
69	65	1.479018
69	66	0.824021
69	67	0.496904
69	68	0.294118
69	70	0.415945
69	71	0.702728
69	72	1.264909
69	73	0.574959
69	74	6.708159
70	66	2.622015
70	67	1.264909
70	68	2.357017
70	69	0.415945
70	71	0.496904
70	72	4.472116
70	73	0.993807
70	74	2.371703
70	75	0.688020
70	76	0.986012
70	168	0.774596
70	169	4.472116
71	17	2.666660
71	67	0.808121
71	68	0.903507
71	69	0.702728
71	70	0.496904
71	72	0.400000
71	73	1.142856
71	74	1.060659
71	248	3.999984
71	252	2.645744
72	10	1.496661
72	13	7.999936
72	14	1.131370
72	17	2.666660
72	68	0.790569
72	69	1.264909
72	70	4.472116
72	71	0.400000
72	73	0.470588
72	74	1.212182
73	69	0.574959
73	70	0.993807
73	71	1.142856
73	72	0.470588
73	74	0.530330
73	75	0.533333
73	77	3.741643
74	69	6.708159
74	70	2.371703
74	71	1.060659
74	72	1.212182
74	73	0.530330
74	75	0.499134
75	70	0.688020
75	73	0.533333
75	74	0.499134
75	76	0.557000
75	77	1.870825
75	166	1.496661
76	66	6.204798
76	70	0.986012
76	75	0.557000
76	77	0.494975
76	78	0.477295
76	79	0.748331
76	82	2.799992
76	83	0.833195
76	86	2.799992
76	165	2.244989
76	166	0.659966
76	167	3.055041
76	168	0.611010
77	73	3.741643
77	75	1.870825
77	76	0.494975
77	78	0.350998
77	79	2.645744
78	66	5.499970
78	76	0.477295
78	77	0.350998
78	79	0.473803
78	82	1.378851
79	76	0.748331
79	77	2.645744
79	78	0.473803
79	80	0.404061
79	81	2.211078
79	82	1.496661
79	83	0.979795
79	165	0.545454
80	79	0.404061
80	81	0.586302
80	82	2.116597
80	83	0.769800
80	84	0.848527
80	161	6.928155
80	162	1.399706
80	163	1.581136
80	164	1.060659
80	165	0.353553
80	167	6.928155
81	79	2.211078
81	80	0.586302
81	82	0.590936
81	83	1.015504
81	84	0.621867
81	85	1.222221
81	147	4.974912
81	165	9.949775
82	66	1.240966
82	76	2.799992
82	78	1.378851
82	79	1.496661
82	80	2.116597
82	81	0.590936
82	83	0.509175
82	84	2.244989
82	85	0.564076
82	86	1.999996
83	76	0.833195
83	79	0.979795
83	80	0.769800
83	81	1.015504
83	82	0.509175
83	84	0.432263
83	85	1.160576
83	86	1.527523
83	87	0.810092
83	167	5.999964
83	168	0.666666
84	80	0.848527
84	81	0.621867
84	82	2.244989
84	83	0.432263
84	85	0.621867
84	86	5.612455
84	87	0.992156
84	88	1.224743
84	146	4.242623
84	147	1.124999
84	149	3.162268
84	152	3.316614
85	81	1.222221
85	82	0.564076
85	83	1.160576
85	84	0.621867
85	86	0.689426
85	87	1.253565
85	88	0.902670
85	89	0.781735
85	143	2.199995
85	147	2.487462
86	62	2.788859
86	63	0.659966
86	66	1.378851
86	67	1.870825
86	76	2.799992
86	82	1.999996
86	83	1.527523
86	84	5.612455
86	85	0.689426
86	87	0.430413
86	88	1.309306
86	89	0.881916
86	90	1.175888
86	168	4.582555
86	255	12.961313
87	83	0.810092
87	84	0.992156
87	85	1.253565
87	86	0.430413
87	88	0.360041
87	89	1.496661
87	90	0.831479
87	91	1.399998
87	146	1.247218
87	168	6.480699
87	170	4.387463
88	84	1.224743
88	85	0.902670
88	86	1.309306
88	87	0.360041
88	89	0.407541
88	90	1.385639
88	91	1.296146
88	92	1.154699
88	142	0.600000
88	143	0.353219
88	146	0.866025
88	147	1.837114
89	58	7.483259
89	62	3.162268
89	63	2.494432
89	85	0.781735
89	86	0.881916
89	87	1.496661
89	88	0.407541
89	90	0.421052
89	91	1.069044
89	92	0.727272
89	93	0.989742
89	143	1.876163
90	63	0.935413
90	86	1.175888
90	87	0.831479
90	88	1.385639
90	89	0.421052
90	91	0.374166
90	92	2.666660
90	93	1.385639
90	94	1.069044
90	255	0.979795
91	87	1.399998
91	88	1.296146
91	89	1.069044
91	90	0.374166
91	92	0.467707
91	93	0.925819
91	94	1.399998
91	95	0.999999
91	141	2.333328
91	142	0.925819
91	146	3.741643
91	176	9.165067
91	184	6.480699
92	88	1.154699
92	89	0.727272
92	90	2.666660
92	91	0.467707
92	93	0.364642
92	94	2.494432
92	95	1.496661
92	96	1.264909
92	135	5.291475
92	138	0.692820
92	139	2.828419
92	142	0.866025
92	143	1.563469
93	55	1.095444
93	58	2.160242
93	59	0.769800
93	89	0.989742
93	90	1.385639
93	91	0.925819
93	92	0.364642
93	94	0.381220
93	95	1.296146
93	96	0.608580
93	97	1.199999
94	59	1.870825
94	90	1.069044
94	91	1.399998
94	92	2.494432
94	93	0.381220
94	95	0.388889
94	96	1.183215
94	97	0.925819
94	98	0.935413
94	225	1.649913
94	229	4.387463
95	91	0.999999
95	92	1.496661
95	93	1.296146
95	94	0.388889
95	96	0.328671
95	97	1.296146
95	98	1.496661
95	99	0.610558
95	138	0.540061
95	141	2.333328
95	184	0.589158
96	55	1.666664
96	92	1.264909
96	93	0.608580
96	94	1.183215
96	95	0.328671
96	97	0.342326
96	98	2.108181
96	99	1.341639
96	100	0.739509
96	134	2.958031
96	135	1.394431
96	138	0.912870
97	52	1.732048
97	55	2.738605
97	56	2.309396
97	59	3.464090
97	93	1.199999
97	94	0.925819
97	95	1.296146
97	96	0.342326
97	98	0.329914
97	99	1.837114
97	100	1.080122
97	101	0.769800
97	258	5.999964
97	261	6.928155
98	94	0.935413
98	95	1.496661
98	96	2.108181
98	97	0.329914
98	99	0.471404
98	100	1.496661
98	101	0.727272
98	102	1.732048
98	184	2.309396
98	185	4.690394
98	188	1.496661
98	221	1.563469
98	225	1.511856
99	95	0.610558
99	96	1.341639
99	97	1.837114
99	98	0.471404
99	100	0.440958
99	101	1.212182
99	102	0.918558
99	103	1.322874
99	134	1.984310
99	137	3.968611
99	183	1.587448
99	184	2.449484
99	188	1.984310
100	48	4.387463
100	51	0.810092
100	52	0.935413
100	96	0.739509
100	97	1.080122
100	98	1.496661
100	99	0.440958
100	101	0.415740
100	102	0.925819
100	103	0.777777
100	104	0.935413
100	134	3.499988
101	52	1.999996
101	97	0.769800
101	98	0.727272
101	99	1.212182
101	100	0.415740
101	102	0.433013
101	103	1.870825
101	104	1.599997
101	105	1.264909
101	192	1.599997
101	196	9.797863
101	221	3.126934
101	257	7.999936
101	261	3.999984
101	265	3.265976
102	98	1.732048
102	99	0.918558
102	100	0.925819
102	101	0.433013
102	103	0.381220
102	104	1.385639
102	105	0.608580
102	106	1.080122
102	188	0.925819
102	191	1.385639
102	192	1.154699
103	48	2.193736
103	99	1.322874
103	100	0.777777
103	101	1.870825
103	102	0.381220
103	104	0.415740
103	105	0.845154
103	106	1.399998
103	107	1.247218
103	130	3.741643
103	134	6.999951
104	45	7.483259
104	48	0.852802
104	49	1.599997
104	52	3.999984
104	100	0.935413
104	101	1.599997
104	102	1.385639
104	103	0.415740
104	105	0.395285
104	106	2.494432
104	107	0.888888
104	108	1.563469
104	265	3.265976
105	101	1.264909
105	102	0.608580
105	103	0.845154
105	104	0.395285
105	106	0.369755
105	107	1.264909
105	108	1.483237
105	109	1.936488
105	192	6.324515
105	195	1.183215
105	196	0.860662
106	102	1.080122
106	103	1.399998
106	104	2.494432
106	105	0.369755
106	107	0.440195
106	108	2.193736
106	109	1.145643
106	110	1.096869
106	191	7.483259
106	195	1.166665
107	44	7.483259
107	45	0.680301
107	48	1.042314
107	103	1.247218
107	104	0.888888
107	105	1.264909
107	106	0.440195
107	108	0.390868
107	109	1.959588
107	110	1.172603
107	111	1.581136
107	118	0.890723
107	122	7.999936
108	45	1.754990
108	104	1.563469
108	105	1.483237
108	106	2.193736
108	107	0.390868
108	109	0.718070
108	110	1.571426
108	111	0.927024
108	112	0.781735
109	105	1.936488
109	106	1.145643
109	107	1.959588
109	108	0.718070
109	110	0.396177
109	111	1.106565
109	112	1.088661
109	113	0.572822
109	114	8.485209
109	195	1.145643
109	198	1.044465
109	199	2.291283
110	106	1.096869
110	107	1.172603
110	108	1.571426
110	109	0.396177
110	111	0.463512
110	112	1.876163
110	113	1.754990
110	114	1.015504
110	115	8.774887
110	118	2.872273
111	107	1.581136
111	108	0.927024
111	109	1.106565
111	110	0.463512
111	112	0.372033
111	113	1.479018
111	114	0.547722
111	115	0.739509
111	118	0.484123
112	108	0.781735
112	109	1.088661
112	110	1.876163
112	111	0.372033
112	113	0.393859
112	114	3.464090
112	115	7.483259
112	199	7.483259
113	109	0.572822
113	110	1.754990
113	111	1.479018
113	112	0.393859
113	114	0.360041
113	115	1.749997
113	202	1.587448
114	109	8.485209
114	110	1.015504
114	111	0.547722
114	112	3.464090
114	113	0.360041
114	115	0.281771
114	116	2.031005
114	117	0.489898
114	118	2.121316
115	110	8.774887
115	111	0.739509
115	112	7.483259
115	113	1.749997
115	114	0.281771
115	116	0.398862
115	117	3.968611
115	118	1.309306
115	119	0.793725
116	114	2.031005
116	115	0.398862
116	117	0.621867
116	118	3.829694
116	119	1.989971
116	120	2.708005
117	114	0.489898
117	115	3.968611
117	116	0.621867
117	118	0.692820
117	119	2.249995
117	120	1.049780
117	121	0.707106
118	44	2.291283
118	45	2.291283
118	107	0.890723
118	110	2.872273
118	111	0.484123
118	114	2.121316
118	115	1.309306
118	116	3.829694
118	117	0.692820
118	119	0.451839
118	120	1.060659
118	121	1.632990
118	122	0.979795
119	115	0.793725
119	116	1.989971
119	117	2.249995
119	118	0.451839
119	120	0.459279
119	121	2.828419
120	116	2.708005
120	117	1.049780
120	118	1.060659
120	119	0.459279
120	121	0.314918
120	122	3.464090
121	117	0.707106
121	118	1.632990
121	119	2.828419
121	120	0.314918
121	122	0.571428
121	123	1.247218
121	126	2.828419
122	44	2.494432
122	107	7.999936
122	118	0.979795
122	120	3.464090
122	121	0.571428
122	123	0.393859
122	126	1.697053
122	127	2.108181
122	130	7.999936
123	44	6.999951
123	121	1.247218
123	122	0.393859
123	124	0.396863
123	125	0.935413
123	126	0.496078
123	127	1.183215
124	42	8.999919
124	43	7.937191
124	47	1.732048
124	123	0.396863
124	125	0.446594
124	126	1.124999
124	127	0.745355
124	128	0.710705
125	123	0.935413
125	124	0.446594
125	126	0.530330
125	127	2.108181
125	128	0.469041
125	129	2.494432
126	121	2.828419
126	122	1.697053
126	123	0.496078
126	124	1.124999
126	125	0.530330
126	127	0.419263
126	128	1.989971
126	129	0.881916
126	130	1.060659
127	44	5.916045
127	47	1.549191
127	48	1.059456
127	122	2.108181
127	123	1.183215
127	124	0.745355
127	125	2.108181
127	126	0.419263
127	128	0.463512
127	129	0.739509
127	130	0.486504
127	131	1.054091
128	47	1.276568
128	124	0.710705
128	125	0.469041
128	126	1.989971
128	127	0.463512
128	129	0.584997
128	130	1.876163
128	131	1.172603
128	132	2.345202
129	125	2.494432
129	126	0.881916
129	127	0.739509
129	128	0.584997
129	130	0.415740
129	131	1.247218
129	132	0.935413
129	133	1.870825
130	48	1.563469
130	103	3.741643
130	122	7.999936
130	126	1.060659
130	127	0.486504
130	128	1.876163
130	129	0.415740
130	131	0.400000
130	132	1.599997
130	133	1.333332
130	134	1.247218
131	47	1.632990
131	48	2.345202
131	51	0.989742
131	127	1.054091
131	128	1.172603
131	129	1.247218
131	130	0.400000
131	132	0.470588
131	133	0.999999
131	134	0.748331
131	135	1.058299
132	128	2.345202
132	129	0.935413
132	130	1.599997
132	131	0.470588
132	133	0.444444
132	134	1.069044
132	135	2.116597
132	136	0.615384
133	129	1.870825
133	130	1.333332
133	131	0.999999
133	132	0.444444
133	134	0.440195
133	135	1.322874
133	136	0.571428
133	137	1.496661
134	51	6.480699
134	96	2.958031
134	99	1.984310
134	100	3.499988
134	103	6.999951
134	130	1.247218
134	131	0.748331
134	132	1.069044
134	133	0.440195
134	135	0.449977
134	136	1.870825
134	137	1.399998
134	138	0.810092
135	51	0.833195
135	54	9.165067
135	55	1.394431
135	92	5.291475
135	96	1.394431
135	131	1.058299
135	132	2.116597
135	133	1.322874
135	134	0.449977
135	136	0.661437
135	137	2.474868
135	138	0.833195
135	139	2.494432
136	132	0.615384
136	133	0.571428
136	134	1.870825
136	135	0.661437
136	137	0.393859
136	138	1.732048
136	139	1.414212
136	140	0.888888
137	99	3.968611
137	133	1.496661
137	134	1.399998
137	135	2.474868
137	136	0.393859
137	138	0.341091
137	139	0.587944
137	140	0.831479
137	141	0.999999
137	183	6.999951
138	92	0.692820
138	95	0.540061
138	96	0.912870
138	134	0.810092
138	135	0.833195
138	136	1.732048
138	137	0.341091
138	139	0.306186
138	140	1.732048
138	141	0.720082
138	142	0.857142
139	92	2.828419
139	135	2.494432
139	136	1.414212
139	137	0.587944
139	138	0.306186
139	140	0.353553
139	141	0.881916
139	142	0.489898
139	143	1.326648
139	144	5.656822
140	136	0.888888
140	137	0.831479
140	138	1.732048
140	139	0.353553
140	141	0.467707
140	142	1.732048
140	144	0.888888
140	145	1.496661
141	91	2.333328
141	95	2.333328
141	137	0.999999
141	138	0.720082
141	139	0.881916
141	140	0.467707
141	142	0.360041
141	143	8.774887
141	145	0.999999
141	176	2.291283
141	180	3.240360
141	183	2.333328
141	184	3.240360
142	88	0.600000
142	91	0.925819
142	92	0.866025
142	138	0.857142
142	139	0.489898
142	140	1.732048
142	141	0.360041
142	143	0.338501
142	144	3.464090
142	145	0.810092
142	146	0.692820
142	147	7.348415
142	176	2.828419
143	85	2.199995
143	88	0.353219
143	89	1.876163
143	92	1.563469
143	139	1.326648
143	141	8.774887
143	142	0.338501
143	144	0.586302
143	145	1.253565
143	146	2.345202
143	147	0.829156
143	148	9.380744
144	139	5.656822
144	140	0.888888
144	142	3.464090
144	143	0.586302
144	145	0.287820
144	146	3.999984
144	147	8.485209
144	148	0.799999
144	150	1.058299
145	140	1.496661
145	141	0.999999
145	142	0.810092
145	143	1.253565
145	144	0.287820
145	146	0.393859
145	147	3.968611
145	148	2.494432
145	149	2.788859
145	150	0.761499
145	151	1.309306
145	176	0.916514
146	84	4.242623
146	87	1.247218
146	88	0.866025
146	91	3.741643
146	142	0.692820
146	143	2.345202
146	144	3.999984
146	145	0.393859
146	147	0.499134
146	148	1.142856
146	149	2.236063
146	151	0.544331
146	176	1.959588
147	81	4.974912
147	84	1.124999
147	85	2.487462
147	88	1.837114
147	142	7.348415
147	143	0.829156
147	144	8.485209
147	145	3.968611
147	146	0.499134
147	148	0.499134
147	149	1.355260
148	143	9.380744
148	144	0.799999
148	145	2.494432
148	146	1.142856
148	147	0.499134
148	149	0.470751
148	150	0.407038
149	84	3.162268
149	145	2.788859
149	146	2.236063
149	147	1.355260
149	148	0.470751
149	150	0.622745
149	151	1.825739
149	152	0.361658
150	144	1.058299
150	145	0.761499
150	148	0.407038
150	149	0.622745
150	151	0.864098
150	152	4.136541
150	173	3.527656
151	145	1.309306
151	146	0.544331
151	149	1.825739
151	150	0.864098
151	152	0.410326
151	153	3.872968
151	162	11.999856
151	170	2.297820
151	171	1.914851
151	172	0.705011
151	173	1.088661
151	176	1.333332
152	84	3.316614
152	149	0.361658
152	150	4.136541
152	151	0.410326
152	153	0.390326
152	154	4.387463
152	162	0.359035
152	171	5.499970
152	173	1.340117
153	151	3.872968
153	152	0.390326
153	154	0.369755
153	155	2.357017
153	158	4.999975
153	159	6.324515
153	162	0.645497
153	171	1.854046
153	172	2.958031
154	152	4.387463
154	153	0.369755
154	155	0.398409
154	156	3.968611
154	159	1.496661
155	153	2.357017
155	154	0.398409
155	156	0.592927
155	157	0.632455
155	158	0.441942
155	159	1.277751
155	171	1.498296
156	154	3.968611
156	155	0.592927
156	157	0.562500
156	158	0.958314
156	159	0.530330
156	160	0.424264
157	155	0.632455
157	156	0.562500
157	158	0.419263
157	159	2.828419
157	160	0.771389
157	161	1.837114
157	171	1.243733
158	153	4.999975
158	155	0.441942
158	156	0.958314
158	157	0.419263
158	159	0.351364
158	160	0.790569
158	161	0.608580
158	162	0.407682
158	171	0.927024
159	153	6.324515
159	154	1.496661
159	155	1.277751
159	156	0.530330
159	157	2.828419
159	158	0.351364
159	160	0.421052
159	161	2.309396
159	162	1.088661
159	163	1.581136
160	156	0.424264
160	157	0.771389
160	158	0.790569
160	159	0.421052
160	161	0.384900
160	162	1.632990
160	163	0.790569
160	164	1.697053
161	80	6.928155
161	157	1.837114
161	158	0.608580
161	159	2.309396
161	160	0.384900
161	162	0.424264
161	163	0.782460
161	164	0.816496
161	167	0.375000
161	168	5.999964
161	169	1.732048
161	171	2.031005
162	80	1.399706
162	151	11.999856
162	152	0.359035
162	153	0.645497
162	158	0.407682
162	159	1.088661
162	160	1.632990
162	161	0.424264
162	163	0.516398
162	164	3.464090
162	171	1.148911
163	80	1.581136
163	159	1.581136
163	160	0.790569
163	161	0.782460
163	162	0.516398
163	164	0.447213
163	165	2.236063
164	80	1.060659
164	160	1.697053
164	161	0.816496
164	162	3.464090
164	163	0.447213
164	165	0.500000
164	166	0.529150
164	167	0.612372
165	76	2.244989
165	79	0.545454
165	80	0.353553
165	81	9.949775
165	163	2.236063
165	164	0.500000
165	166	0.466897
165	167	1.469692
166	75	1.496661
166	76	0.659966
166	164	0.529150
166	165	0.466897
166	167	0.405046
166	168	3.240360
167	76	3.055041
167	80	6.928155
167	83	5.999964
167	161	0.375000
167	164	0.612372
167	165	1.469692
167	166	0.405046
167	168	0.461538
167	169	1.732048
168	70	0.774596
168	76	0.611010
168	83	0.666666
168	86	4.582555
168	87	6.480699
168	161	5.999964
168	166	3.240360
168	167	0.461538
168	169	0.329914
168	170	4.062003
169	70	4.472116
169	161	1.732048
169	167	1.732048
169	168	0.329914
169	170	0.625388
169	171	0.781735
169	244	2.121316
170	87	4.387463
170	151	2.297820
170	168	4.062003
170	169	0.625388
170	171	0.523809
170	172	0.877496
170	244	1.989971
170	247	5.744530
171	151	1.914851
171	152	5.499970
171	153	1.854046
171	155	1.498296
171	157	1.243733
171	158	0.927024
171	161	2.031005
171	162	1.148911
171	169	0.781735
171	170	0.523809
171	172	0.516174
172	151	0.705011
172	153	2.958031
172	170	0.877496
172	171	0.516174
172	173	0.356348
172	174	3.968611
172	176	1.309306
172	177	1.183215
173	150	3.527656
173	151	1.088661
173	152	1.340117
173	172	0.356348
173	174	0.499134
173	175	0.527046
173	176	0.816496
173	177	2.108181
174	172	3.968611
174	173	0.499134
174	175	0.419263
174	176	5.196125
174	177	1.341639
174	178	1.414212
174	236	0.566946
175	173	0.527046
175	174	0.419263
175	176	0.484123
175	177	1.666664
175	178	1.264909
175	179	0.999999
176	91	9.165067
176	141	2.291283
176	142	2.828419
176	145	0.916514
176	146	1.959588
176	151	1.333332
176	172	1.309306
176	173	0.816496
176	174	5.196125
176	175	0.484123
176	177	0.387298
176	178	1.224743
176	179	1.549191
176	180	0.652714
176	181	8.485209
177	172	1.183215
177	173	2.108181
177	174	1.341639
177	175	1.666664
177	176	0.387298
177	178	0.395285
177	179	2.499994
177	180	0.912870
177	181	0.782460
177	236	5.916045
178	174	1.414212
178	175	1.264909
178	176	1.224743
178	177	0.395285
178	179	0.351364
178	180	1.385639
178	181	0.989742
178	182	0.888888
178	233	3.999984
178	236	1.870825
179	175	0.999999
179	176	1.549191
179	177	2.499994
179	178	0.351364
179	180	0.342326
179	181	1.095444
179	182	1.264909
179	183	1.183215
180	141	3.240360
180	176	0.652714
180	177	0.912870
180	178	1.385639
180	179	0.342326
180	181	0.315789
180	182	1.154699
180	183	1.296146
180	184	0.749999
180	185	8.123972
181	176	8.485209
181	177	0.782460
181	178	0.989742
181	179	1.095444
181	180	0.315789
181	182	0.433013
181	183	1.620183
181	184	1.499998
181	185	1.624805
181	186	0.771389
181	229	1.015504
181	232	2.309396
181	233	3.464090
182	178	0.888888
182	179	1.264909
182	180	1.154699
182	181	0.433013
182	183	0.440195
182	184	3.464090
182	185	3.126934
182	186	1.088661
182	187	0.935413
182	188	7.483259
183	99	1.587448
183	137	6.999951
183	141	2.333328
183	179	1.183215
183	180	1.296146
183	181	1.620183
183	182	0.440195
183	184	0.360041
183	185	2.193736
183	188	2.333328
184	91	6.480699
184	95	0.589158
184	98	2.309396
184	99	2.449484
184	141	3.240360
184	180	0.749999
184	181	1.499998
184	182	3.464090
184	183	0.360041
184	185	0.507752
184	186	8.485209
184	188	1.620183
184	229	8.123972
185	98	4.690394
185	180	8.123972
185	181	1.624805
185	182	3.126934
185	183	2.193736
185	184	0.507752
185	186	0.370617
185	187	2.924980
185	188	0.674997
185	189	0.938082
185	221	2.199995
185	225	1.128151
185	226	0.781735
185	229	0.578947
186	181	0.771389
186	182	1.088661
186	184	8.485209
186	185	0.370617
186	187	0.539126
186	188	0.916514
186	189	0.890723
186	190	1.527523
186	226	9.797863
186	229	1.276568
186	230	1.399706
186	233	1.959588
187	182	0.935413
187	185	2.924980
187	186	0.539126
187	188	0.280000
187	189	1.069044
187	190	1.166665
187	191	0.831479
188	98	1.496661
188	99	1.984310
188	102	0.925819
188	182	7.483259
188	183	2.333328
188	184	1.620183
188	185	0.674997
188	186	0.916514
188	187	0.280000
188	189	0.415740
188	190	3.499988
188	191	1.069044
188	192	0.935413
189	185	0.938082
189	186	0.890723
189	187	1.069044
189	188	0.415740
189	190	0.415740
189	191	0.999999
189	192	0.999999
189	193	0.831479
189	218	3.999984
189	221	4.690394
189	222	7.483259
189	226	7.999936
190	186	1.527523
190	187	1.166665
190	188	3.499988
190	189	0.415740
190	191	0.374166
190	192	1.247218
190	193	0.700000
190	194	1.253565
191	102	1.385639
191	106	7.483259
191	187	0.831479
191	188	1.069044
191	189	0.999999
191	190	0.374166
191	192	0.470588
191	193	1.069044
191	194	2.345202
191	195	1.069044
192	101	1.599997
192	102	1.154699
192	105	6.324515
192	188	0.935413
192	189	0.999999
192	190	1.247218
192	191	0.470588
192	193	0.440195
192	194	4.690394
192	195	1.247218
192	196	0.816496
192	218	1.599997
192	221	1.340117
193	189	0.831479
193	190	0.700000
193	191	1.069044
193	192	0.440195
193	194	0.350998
193	195	1.166665
193	196	1.833027
193	197	0.720082
193	218	3.741643
194	190	1.253565
194	191	2.345202
194	192	4.690394
194	193	0.350998
194	195	0.516174
194	196	5.744530
194	197	0.427581
194	198	2.749992
195	105	1.183215
195	106	1.166665
195	109	1.145643
195	191	1.069044
195	192	1.247218
195	193	1.166665
195	194	0.516174
195	196	0.436436
195	197	1.296146
195	198	1.754990
195	199	1.166665
196	101	9.797863
196	105	0.860662
196	192	0.816496
196	193	1.833027
196	194	5.744530
196	195	0.436436
196	197	0.499134
196	198	2.297820
196	199	0.654653
196	200	2.872273
196	214	9.797863
196	217	3.265976
196	218	2.449484
197	193	0.720082
197	194	0.427581
197	195	1.296146
197	196	0.499134
197	198	0.477884
197	199	0.925819
197	200	1.015504
197	201	1.224743
198	109	1.044465
198	194	2.749992
198	195	1.754990
198	196	2.297820
198	197	0.477884
198	199	0.516174
198	200	3.666653
198	201	0.585286
198	202	1.243733
199	109	2.291283
199	112	7.483259
199	195	1.166665
199	196	0.654653
199	197	0.925819
199	198	0.516174
199	200	0.516174
199	201	1.587448
199	202	2.645744
199	203	1.183215
199	214	3.741643
200	196	2.872273
200	197	1.015504
200	198	3.666653
200	199	0.516174
200	201	0.432603
200	202	4.974912
200	203	1.236032
200	204	0.994986
200	211	9.380744
200	214	9.380744
201	197	1.224743
201	198	0.585286
201	199	1.587448
201	200	0.432603
201	202	0.346154
201	203	0.958314
201	204	0.999999
202	113	1.587448
202	198	1.243733
202	199	2.645744
202	200	4.974912
202	201	0.346154
202	203	0.447213
202	204	2.249995
203	199	1.183215
203	200	1.236032
203	201	0.958314
203	202	0.447213
203	204	0.394600
203	207	6.708159
204	200	0.994986
204	201	0.999999
204	202	2.249995
204	203	0.394600
204	207	2.249995
204	211	8.485209
205	206	0.424264
205	207	1.414212
205	208	1.788851
205	209	8.485209
206	205	0.424264
206	207	0.391304
206	208	1.581136
206	209	4.499980
206	210	2.236063
207	203	6.708159
207	204	2.249995
207	205	1.414212
207	206	0.391304
207	208	0.632455
207	209	4.499980
207	210	1.341639
207	211	1.060659
208	205	1.788851
208	206	1.581136
208	207	0.632455
208	209	0.558049
208	210	0.883883
208	211	0.526133
208	212	1.897363
209	205	8.485209
209	206	4.499980
209	207	4.499980
209	208	0.558049
209	210	0.447213
209	211	2.121316
209	212	0.692307
209	213	2.645744
210	206	2.236063
210	207	1.341639
210	208	0.883883
210	209	0.447213
210	211	0.421637
210	212	1.677048
210	213	0.493006
210	214	3.162268
211	200	9.380744
211	204	8.485209
211	207	1.060659
211	208	0.526133
211	209	2.121316
211	210	0.421637
211	212	0.499134
211	213	1.069044
211	214	0.727272
211	215	1.885615
212	208	1.897363
212	209	0.692307
212	210	1.677048
212	211	0.499134
212	213	0.466897
212	214	2.828419
212	215	1.199999
212	216	0.942808
213	209	2.645744
213	210	0.493006
213	211	1.069044
213	212	0.466897
213	214	0.415740
213	215	0.661437
213	216	0.498887
213	217	0.748331
214	196	9.797863
214	199	3.741643
214	200	9.380744
214	210	3.162268
214	211	0.727272
214	212	2.828419
214	213	0.415740
214	215	0.353553
214	216	1.599997
214	217	0.727272
214	218	1.999996
215	211	1.885615
215	212	1.199999
215	213	0.661437
215	214	0.353553
215	216	0.353553
215	217	1.131370
215	218	1.885615
215	219	1.333332
216	212	0.942808
216	213	0.498887
216	214	1.599997
216	215	0.353553
216	217	0.470588
216	218	2.666660
216	219	1.414212
216	220	0.935413
217	196	3.265976
217	213	0.748331
217	214	0.727272
217	215	1.131370
217	216	0.470588
217	218	0.444444
217	219	0.808121
217	220	7.483259
217	221	3.126934
217	264	3.999984
217	265	3.265976
218	189	3.999984
218	192	1.599997
218	193	3.741643
218	196	2.449484
218	214	1.999996
218	215	1.885615
218	216	2.666660
218	217	0.444444
218	219	0.404061
218	220	3.741643
218	221	0.938082
218	222	1.247218
219	215	1.333332
219	216	1.414212
219	217	0.808121
219	218	0.404061
219	220	0.330719
219	221	0.737027
219	222	1.058299
219	223	1.131370
220	216	0.935413
220	217	7.483259
220	218	3.741643
220	219	0.330719
220	221	0.487498
220	222	3.499988
220	223	0.935413
220	224	1.080122
220	257	1.870825
220	260	2.193736
220	264	2.494432
221	98	1.563469
221	101	3.126934
221	185	2.199995
221	189	4.690394
221	192	1.340117
221	217	3.126934
221	218	0.938082
221	219	0.737027
221	220	0.487498
221	222	0.365623
221	223	2.345202
221	224	1.624805
221	225	1.551207
221	257	4.690394
222	189	7.483259
222	218	1.247218
222	219	1.058299
222	220	3.499988
222	221	0.365623
222	223	0.440195
222	224	0.810092
222	225	2.474868
222	226	0.935413
222	227	1.749997
223	219	1.131370
223	220	0.935413
223	221	2.345202
223	222	0.440195
223	224	0.329914
223	225	5.291475
223	227	1.870825
223	253	7.999936
224	220	1.080122
224	221	1.624805
224	222	0.810092
224	223	0.329914
224	225	0.436436
224	226	6.928155
224	227	6.480699
224	250	6.928155
224	253	0.629836
224	254	0.979795
224	257	0.989742
224	260	4.062003
225	94	1.649913
225	98	1.511856
225	185	1.128151
225	221	1.551207
225	222	2.474868
225	223	5.291475
225	224	0.436436
225	226	0.705533
225	227	1.414212
225	228	1.034138
225	229	0.954589
225	251	2.645744
225	254	0.498887
225	255	4.320475
225	257	2.116597
226	185	0.781735
226	186	9.797863
226	189	7.999936
226	222	0.935413
226	224	6.928155
226	225	0.705533
226	227	0.325361
226	228	2.345202
226	229	1.876163
226	230	0.727272
227	222	1.749997
227	223	1.870825
227	224	6.480699
227	225	1.414212
227	226	0.325361
227	228	0.487498
227	229	2.193736
227	230	1.496661
227	231	1.166665
227	250	2.494432
228	225	1.034138
228	226	2.345202
228	227	0.487498
228	229	0.423077
228	230	4.690394
228	231	1.253565
228	232	0.852802
228	247	0.765941
228	250	0.781735
228	251	0.335030
229	94	4.387463
229	181	1.015504
229	184	8.123972
229	185	0.578947
229	186	1.276568
229	225	0.954589
229	226	1.876163
229	227	2.193736
229	228	0.423077
229	230	0.551813
229	231	1.462492
229	232	0.721602
229	233	1.563469
230	186	1.399706
230	226	0.727272
230	227	1.496661
230	228	4.690394
230	229	0.551813
230	231	0.415740
230	232	1.333332
230	233	1.333332
230	234	1.069044
231	227	1.166665
231	228	1.253565
231	229	1.462492
231	230	0.415740
231	232	0.467707
231	233	0.935413
231	234	0.777777
231	235	2.091646
231	242	0.935413
231	247	4.582555
231	250	2.494432
232	181	2.309396
232	228	0.852802
232	229	0.721602
232	230	1.333332
232	231	0.467707
232	233	0.400000
232	234	2.494432
232	235	1.788851
232	236	1.496661
232	247	1.399706
233	178	3.999984
233	181	3.464090
233	186	1.959588
233	229	1.563469
233	230	1.333332
233	231	0.935413
233	232	0.400000
233	234	0.415740
233	235	1.277751
233	236	0.680301
233	237	0.888888
234	230	1.069044
234	231	0.777777
234	232	2.494432
234	233	0.415740
234	235	0.522912
234	236	0.999999
234	237	0.680301
234	238	1.133892
234	241	7.483259
234	242	1.870825
235	231	2.091646
235	232	1.788851
235	233	1.277751
235	234	0.522912
235	236	0.492153
235	237	1.490710
235	238	1.355260
235	239	1.277751
235	240	2.236063
235	241	4.472116
235	242	0.894426
236	174	0.566946
236	177	5.916045
236	178	1.870825
236	232	1.496661
236	233	0.680301
236	234	0.999999
236	235	0.492153
236	237	0.340151
236	238	3.968611
237	233	0.888888
237	234	0.680301
237	235	1.490710
237	236	0.340151
237	238	0.471404
237	239	2.666660
238	234	1.133892
238	235	1.355260
238	236	3.968611
238	237	0.471404
238	239	0.446594
238	240	2.828419
238	241	0.530330
239	235	1.277751
239	237	2.666660
239	238	0.446594
239	240	0.228571
239	241	2.666660
240	235	2.236063
240	238	2.828419
240	239	0.228571
240	241	0.470588
240	242	7.999936
241	234	7.483259
241	235	4.472116
241	238	0.530330
241	239	2.666660
241	240	0.470588
241	242	0.421052
241	243	9.380744
242	231	0.935413
242	234	1.870825
242	235	0.894426
242	240	7.999936
242	241	0.421052
242	243	0.493728
242	244	4.242623
242	246	7.483259
242	247	2.449484
243	241	9.380744
243	242	0.493728
243	244	0.663325
243	245	0.310933
243	246	0.731246
243	247	2.872273
244	169	2.121316
244	170	1.989971
244	242	4.242623
244	243	0.663325
244	245	0.391304
244	246	0.992156
244	247	1.299036
244	248	0.771389
245	243	0.310933
245	244	0.391304
245	246	0.440958
245	247	3.464090
245	248	1.697053
245	249	1.697053
246	242	7.483259
246	243	0.731246
246	244	0.992156
246	245	0.440958
246	247	0.509175
246	248	1.870825
246	249	0.935413
246	250	0.680301
247	170	5.744530
247	228	0.765941
247	231	4.582555
247	232	1.399706
247	242	2.449484
247	243	2.872273
247	244	1.299036
247	245	3.464090
247	246	0.509175
247	248	0.515682
247	249	2.449484
247	250	1.399706
247	251	1.959588
248	71	3.999984
248	244	0.771389
248	245	1.697053
248	246	1.870825
248	247	0.515682
248	249	0.470588
248	250	0.999999
248	251	0.999999
248	252	1.058299
249	245	1.697053
249	246	0.935413
249	247	2.449484
249	248	0.470588
249	250	0.470588
249	251	1.999996
249	252	1.763831
249	253	0.999999
250	224	6.928155
250	227	2.494432
250	228	0.781735
250	231	2.494432
250	246	0.680301
250	247	1.399706
250	248	0.999999
250	249	0.470588
250	251	0.500000
250	252	1.511856
250	253	0.727272
250	254	5.656822
251	225	2.645744
251	228	0.335030
251	247	1.959588
251	248	0.999999
251	249	1.999996
251	250	0.500000
251	252	0.587944
251	253	1.142856
251	254	1.131370
251	255	0.612372
252	17	1.322874
252	64	1.979895
252	67	1.870825
252	68	1.673317
252	71	2.645744
252	248	1.058299
252	249	1.763831
252	250	1.511856
252	251	0.587944
252	253	0.622529
252	254	1.496661
252	255	0.810092
252	256	1.979895
253	223	7.999936
253	224	0.629836
253	249	0.999999
253	250	0.727272
253	251	1.142856
253	252	0.622529
253	254	0.377123
253	255	1.632990
253	256	0.831479
253	257	1.999996
254	224	0.979795
254	225	0.498887
254	250	5.656822
254	251	1.131370
254	252	1.496661
254	253	0.377123
254	255	0.433013
254	256	0.661437
254	257	0.628539
254	258	2.449484
255	24	3.265976
255	63	3.055041
255	64	1.309306
255	86	12.961313
255	90	0.979795
255	225	4.320475
255	251	0.612372
255	252	0.810092
255	253	1.632990
255	254	0.433013
255	256	0.539126
255	257	2.449484
255	258	1.414212
256	20	1.870825
256	252	1.979895
256	253	0.831479
256	254	0.661437
256	255	0.539126
256	257	0.440195
256	258	0.925819
256	259	1.322874
256	260	0.974995
257	101	7.999936
257	220	1.870825
257	221	4.690394
257	224	0.989742
257	225	2.116597
257	253	1.999996
257	254	0.628539
257	255	2.449484
257	256	0.440195
257	258	0.407541
257	259	0.707106
257	260	0.493728
257	261	0.615384
258	24	1.732048
258	28	1.732048
258	56	0.329914
258	59	0.989742
258	97	5.999964
258	254	2.449484
258	255	1.414212
258	256	0.925819
258	257	0.407541
258	259	0.376844
258	260	2.031005
258	261	0.989742
258	262	3.240360
259	23	4.472116
259	24	1.414212
259	256	1.322874
259	257	0.707106
259	258	0.376844
259	260	0.414578
259	261	2.828419
259	262	0.755928
259	263	1.885615
260	220	2.193736
260	224	4.062003
260	256	0.974995
260	257	0.493728
260	258	2.031005
260	259	0.414578
260	261	0.493728
260	262	0.731246
260	263	0.721602
260	264	1.042314
261	52	0.999999
261	56	1.333332
261	97	6.928155
261	101	3.999984
261	257	0.615384
261	258	0.989742
261	259	2.828419
261	260	0.493728
261	262	0.325361
261	263	1.142856
261	264	0.999999
261	265	0.612372
261	266	6.928155
262	27	0.881916
262	28	1.247218
262	31	2.333328
262	258	3.240360
262	259	0.755928
262	260	0.731246
262	261	0.325361
262	263	0.415740
262	264	1.247218
262	265	2.291283
262	266	0.648074
263	259	1.885615
263	260	0.721602
263	261	1.142856
263	262	0.415740
263	264	0.500000
263	265	4.898955
263	267	2.345202
264	217	3.999984
264	220	2.494432
264	260	1.042314
264	261	0.999999
264	262	1.247218
264	263	0.500000
264	265	0.349927
264	266	3.464090
264	267	3.126934
265	49	1.959588
265	52	3.265976
265	101	3.265976
265	104	3.265976
265	217	3.265976
265	261	0.612372
265	262	2.291283
265	263	4.898955
265	264	0.349927
265	266	0.565685
265	267	5.744530
265	271	5.744530
266	31	1.620183
266	49	6.928155
266	261	6.928155
266	262	0.648074
266	264	3.464090
266	265	0.565685
266	267	0.541602
266	268	1.499998
266	271	0.338501
266	275	1.624805
267	263	2.345202
267	264	3.126934
267	265	5.744530
267	266	0.541602
267	268	0.477884
267	269	2.193736
267	272	2.749992
268	41	6.928155
268	266	1.499998
268	267	0.477884
268	269	0.259230
268	270	0.494871
268	271	0.353219
268	272	1.624805
269	267	2.193736
269	268	0.259230
269	270	0.299333
269	271	1.462492
269	272	0.974995
269	273	1.069044
270	40	0.938082
270	41	1.599997
270	268	0.494871
270	269	0.299333
270	271	0.586302
270	272	2.345202
270	273	0.799999
270	274	1.264909
271	31	4.387463
271	34	3.708085
271	35	2.345202
271	41	0.781735
271	46	1.563469
271	49	9.380744
271	265	5.744530
271	266	0.338501
271	268	0.353219
271	269	1.462492
271	270	0.586302
271	272	0.611111
271	273	1.172603
271	274	0.741619
271	275	0.458333
272	267	2.749992
272	268	1.624805
272	269	0.974995
272	270	2.345202
272	271	0.611111
272	273	0.551813
272	274	2.472060
272	275	1.571426
272	276	0.904533
273	269	1.069044
273	270	0.799999
273	271	1.172603
273	272	0.551813
273	274	0.351364
273	275	2.345202
273	276	0.471404
273	277	1.414212
273	282	1.340117
274	34	4.999975
274	38	0.529728
274	41	6.324515
274	270	1.264909
274	271	0.741619
274	272	2.472060
274	273	0.351364
274	275	0.436247
274	276	1.677048
274	277	1.118033
274	278	0.702728
275	30	0.670059
275	31	1.253565
275	34	2.472060
275	266	1.624805
275	271	0.458333
275	272	1.571426
275	273	2.345202
275	274	0.436247
275	276	0.552770
275	277	1.658310
275	278	0.852802
275	279	1.042314
276	272	0.904533
276	273	0.471404
276	274	1.677048
276	275	0.552770
276	277	0.529411
276	278	1.060659
276	279	0.771389
276	280	1.837114
276	281	0.499134
276	282	0.414578
277	38	0.904533
277	273	1.414212
277	274	1.118033
277	275	1.658310
277	276	0.529411
277	278	0.471404
277	279	1.697053
277	280	1.837114
277	281	8.485209
277	282	0.765374
277	283	0.552770
278	30	7.999936
278	33	3.741643
278	34	2.108181
278	37	4.242623
278	38	1.563469
278	274	0.702728
278	275	0.852802
278	276	1.060659
278	277	0.471404
278	279	0.470588
278	280	0.769800
279	26	4.690394
279	30	1.999996
279	275	1.042314
279	276	0.771389
279	277	1.697053
279	278	0.470588
279	280	0.407541
279	281	0.666666
280	276	1.837114
280	277	1.837114
280	278	0.769800
280	279	0.407541
280	281	0.346410
280	282	8.123972
281	276	0.499134
281	277	8.485209
281	279	0.666666
281	280	0.346410
281	282	0.521157
281	283	9.380744
282	273	1.340117
282	276	0.414578
282	277	0.765374
282	280	8.123972
282	281	0.521157
282	283	0.687500
283	277	0.552770
283	281	9.380744
283	282	0.687500
