# shape 284 284
# row_index	column_index	value
0	1	2.271721
0	2	0.133631
0	5	0.746203
1	0	2.271721
1	2	2.857143
1	5	0.911685
2	0	0.133631
2	1	2.857143
2	3	2.141799
2	4	1.007905
2	5	1.253566
2	6	0.534522
3	2	2.141799
3	4	1.666667
3	5	0.100504
3	6	1.296362
4	2	1.007905
4	3	1.666667
4	5	1.909572
4	6	1.767767
4	7	1.444444
4	8	0.755929
5	0	0.746203
5	1	0.911685
5	2	1.253566
5	3	0.100504
5	4	1.909572
5	6	3.411211
5	7	0.301511
5	8	0.569803
5	9	0.161165
6	2	0.534522
6	3	1.296362
6	4	1.767767
6	5	3.411211
6	7	2.003469
6	8	0.935414
6	9	0.472456
6	10	0.801784
7	4	1.444444
7	5	0.301511
7	6	2.003469
7	8	2.141799
7	9	0.089087
7	10	0.377964
7	11	0.629941
8	4	0.755929
8	5	0.569803
8	6	0.935414
8	7	2.141799
8	9	1.717259
8	10	1.142857
8	11	0.857143
8	12	0.566947
9	5	0.161165
9	6	0.472456
9	7	0.089087
9	8	1.717259
9	10	2.222336
9	11	0.303046
9	12	0.801784
9	13	1.984313
10	6	0.801784
10	7	0.377964
10	8	1.142857
10	9	2.222336
10	11	2.428571
10	12	1.322876
10	13	0.668153
10	14	0.755929
10	72	0.668153
11	7	0.629941
11	8	0.857143
11	9	0.303046
11	10	2.428571
11	12	2.834734
11	13	0.668153
11	14	1.133893
11	15	0.801784
12	8	0.566947
12	9	0.801784
12	10	1.322876
12	11	2.834734
12	13	2.828427
12	14	1.000000
12	15	0.530330
12	16	0.944911
13	9	1.984313
13	10	0.668153
13	11	0.668153
13	12	2.828427
13	14	2.298097
13	15	0.875000
13	16	1.202676
13	17	0.875000
13	72	0.125000
14	10	0.755929
14	11	1.133893
14	12	1.000000
14	13	2.298097
14	15	2.828427
14	16	0.755929
14	17	1.060660
14	18	1.020621
14	72	0.883883
15	11	0.801784
15	12	0.530330
15	13	0.875000
15	14	2.828427
15	16	2.538982
15	17	1.000000
15	18	1.299038
15	19	1.000000
16	12	0.944911
16	13	1.202676
16	14	0.755929
16	15	2.538982
16	17	2.405351
16	18	0.771517
16	19	1.603567
16	20	1.202676
17	13	0.875000
17	14	1.060660
17	15	1.000000
17	16	2.405351
17	18	2.453739
17	19	1.000000
17	20	1.875000
17	21	0.668153
17	68	0.790569
17	71	0.375000
17	72	0.375000
17	252	0.755929
18	14	1.020621
18	15	1.299038
18	16	0.771517
18	17	2.453739
18	19	2.453739
18	20	0.433013
18	21	1.388730
18	22	0.866025
19	15	1.000000
19	16	1.603567
19	17	1.000000
19	18	2.453739
19	20	2.375000
19	21	0.935414
19	22	1.000000
19	23	0.790569
20	16	1.202676
20	17	1.875000
20	18	0.433013
20	19	2.375000
20	21	2.271721
20	22	0.875000
20	23	1.106797
20	24	1.375000
20	64	0.133631
20	256	0.534522
21	17	0.668153
21	18	1.388730
21	19	0.935414
21	20	2.271721
21	22	2.271721
21	23	0.507093
21	24	0.801784
21	25	0.714286
21	60	1.700840
21	64	0.571429
21	65	0.714286
22	18	0.866025
22	19	1.000000
22	20	0.875000
22	21	2.271721
22	23	2.846050
22	24	1.000000
22	25	0.935414
22	26	0.533002
23	19	0.790569
23	20	1.106797
23	21	0.507093
23	22	2.846050
23	24	2.687936
23	25	0.845154
23	26	0.674200
23	27	0.670820
23	259	0.223607
24	20	1.375000
24	21	0.801784
24	22	1.000000
24	23	2.687936
24	25	2.271721
24	26	0.213201
24	27	0.707107
24	28	1.000000
24	56	0.375000
24	59	0.125000
24	60	1.060660
24	64	0.133631
24	255	0.306186
24	258	0.577350
24	259	0.707107
25	21	0.714286
25	22	0.935414
25	23	0.845154
25	24	2.271721
25	26	2.051290
25	27	0.755929
25	28	0.668153
25	29	1.142857
25	57	0.935414
25	60	0.377964
25	61	0.400892
26	22	0.533002
26	23	0.674200
26	24	0.213201
26	25	2.051290
26	27	2.562846
26	28	0.639602
26	29	0.683763
26	30	1.492405
26	279	0.213201
27	23	0.670820
27	24	0.707107
27	25	0.755929
27	26	2.562846
27	28	3.358757
27	29	0.566947
27	30	1.060660
27	31	1.133893
27	262	1.133893
28	24	1.000000
28	25	0.668153
28	26	0.639602
28	27	3.358757
28	29	2.138090
28	30	1.000000
28	31	0.935414
28	32	1.000000
28	53	2.055480
28	56	1.500000
28	57	0.625000
28	258	0.577350
28	262	0.801784
29	25	1.142857
29	26	0.683763
29	27	0.566947
29	28	2.138090
29	30	2.271721
29	31	0.428571
29	32	0.400892
29	33	0.857143
29	57	0.400892
30	26	1.492405
30	27	1.060660
30	28	1.000000
30	29	2.271721
30	31	2.271721
30	32	0.625000
30	33	0.668153
30	34	0.790569
30	275	1.492405
30	278	0.125000
30	279	0.500000
31	27	1.133893
31	28	0.935414
31	29	0.428571
31	30	2.271721
31	32	2.271721
31	33	0.428571
31	34	1.183216
31	35	0.935414
31	49	0.133631
31	53	0.338062
31	262	0.428571
31	266	0.617213
31	271	0.227921
31	275	0.797724
32	28	1.000000
32	29	0.400892
32	30	0.625000
32	31	2.271721
32	33	2.271721
32	34	0.948683
32	35	0.625000
32	36	0.790569
32	53	0.948683
32	54	0.577350
32	57	0.125000
33	29	0.857143
33	30	0.668153
33	31	0.428571
33	32	2.271721
33	34	3.042555
33	35	0.534522
33	36	1.521278
33	37	1.133893
33	278	0.267261
34	30	0.790569
34	31	1.183216
34	32	0.948683
34	33	3.042555
34	35	2.846050
34	36	1.400000
34	37	0.745356
34	38	1.348400
34	41	0.632456
34	271	0.269680
34	274	0.200000
34	275	0.404520
34	278	0.474342
35	31	0.935414
35	32	0.625000
35	33	0.534522
35	34	2.846050
35	36	2.529822
35	37	0.353553
35	38	0.639602
35	41	0.750000
35	42	0.707107
35	46	0.375000
35	49	0.250000
35	50	0.400892
35	271	0.426401
36	32	0.790569
36	33	1.521278
36	34	1.400000
36	35	2.529822
36	37	2.534210
36	38	0.269680
37	33	1.133893
37	34	0.745356
37	35	0.353553
37	36	2.534210
37	38	2.010076
37	39	0.222222
37	278	0.235702
38	34	1.348400
38	35	0.639602
38	36	0.269680
38	37	2.010076
38	39	1.407053
38	40	0.181818
38	41	0.852803
38	42	0.502519
38	274	1.887760
38	277	1.105542
38	278	0.639602
39	37	0.222222
39	38	1.407053
39	40	1.809068
39	41	0.824958
39	42	2.000000
40	38	0.181818
40	39	1.809068
40	41	1.599005
40	42	0.301511
40	43	0.113961
40	270	1.066004
41	34	0.632456
41	35	0.750000
41	38	0.852803
41	39	0.824958
41	40	1.599005
41	42	1.767767
41	43	0.534522
41	46	1.250000
41	268	0.144338
41	270	0.625000
41	271	1.279204
41	274	0.158114
42	35	0.707107
42	38	0.502519
42	39	2.000000
42	40	0.301511
42	41	1.767767
42	43	2.267787
42	44	0.251976
42	124	0.111111
43	40	0.113961
43	41	0.534522
43	42	2.267787
43	44	2.428571
43	45	1.428571
43	46	3.207135
43	47	0.436436
43	124	0.125988
44	42	0.251976
44	43	2.428571
44	45	2.714286
44	46	1.069045
44	47	0.872872
44	48	1.481487
44	107	0.133631
44	118	0.436436
44	122	0.400892
44	123	0.142857
44	127	0.169031
45	43	1.428571
45	44	2.714286
45	46	2.538982
45	47	0.545545
45	48	1.367527
45	49	1.069045
45	104	0.133631
45	107	1.469937
45	108	0.569803
45	118	0.436436
46	35	0.375000
46	41	1.250000
46	43	3.207135
46	44	1.069045
46	45	2.538982
46	47	1.632993
46	48	0.852803
46	49	2.125000
46	50	0.801784
46	271	0.639602
47	43	0.436436
47	44	0.872872
47	45	0.545545
47	46	1.632993
47	48	1.827815
47	49	0.408248
47	50	1.418416
47	51	0.471405
47	124	0.577350
47	127	0.645497
47	128	0.783349
47	131	0.612372
48	44	1.481487
48	45	1.367527
48	46	0.852803
48	47	1.827815
48	49	1.812206
48	50	0.797724
48	51	0.615457
48	52	0.319801
48	100	0.227921
48	103	0.455842
48	104	1.172604
48	107	0.959403
48	127	0.943880
48	130	0.639602
48	131	0.426401
49	31	0.133631
49	35	0.250000
49	45	1.069045
49	46	2.125000
49	47	0.408248
49	48	1.812206
49	50	2.271721
49	51	0.433013
49	52	1.125000
49	53	0.790569
49	104	0.625000
49	265	0.510310
49	266	0.144338
49	271	0.106600
50	35	0.400892
50	46	0.801784
50	47	1.418416
50	48	0.797724
50	49	2.271721
50	51	2.931764
50	52	1.069045
50	53	1.521278
50	54	0.925820
51	47	0.471405
51	48	0.615457
51	49	0.433013
51	50	2.931764
51	52	2.309401
51	53	0.730297
51	54	0.833333
51	55	0.912871
51	100	1.234427
51	131	1.010363
51	134	0.154303
51	135	1.200198
52	48	0.319801
52	49	1.125000
52	50	1.069045
52	51	2.309401
52	53	2.529822
52	54	0.866025
52	55	1.264911
52	56	1.875000
52	97	0.577350
52	100	1.069045
52	101	0.500000
52	104	0.250000
52	261	1.000000
52	265	0.306186
53	28	2.055480
53	31	0.338062
53	32	0.948683
53	49	0.790569
53	50	1.521278
53	51	0.730297
53	52	2.529822
53	54	2.921187
53	55	0.800000
53	56	0.790569
53	57	0.790569
54	32	0.577350
54	50	0.925820
54	51	0.833333
54	52	0.866025
54	53	2.921187
54	55	2.921187
54	56	0.721688
54	57	1.154701
54	58	0.925820
54	135	0.109109
55	51	0.912871
55	52	1.264911
55	53	0.800000
55	54	2.921187
55	56	2.846050
55	57	0.632456
55	58	0.845154
55	59	0.948683
55	93	0.912871
55	96	0.600000
55	97	0.365148
55	135	0.717137
56	24	0.375000
56	28	1.500000
56	52	1.875000
56	53	0.790569
56	54	0.721688
56	55	2.846050
56	57	2.000000
56	58	0.668153
56	59	1.125000
56	60	0.176777
56	97	0.433013
56	258	3.031089
56	261	0.750000
57	25	0.935414
57	28	0.625000
57	29	0.400892
57	32	0.125000
57	53	0.790569
57	54	1.154701
57	55	0.632456
57	56	2.000000
57	58	2.271721
57	59	0.875000
57	60	0.707107
57	61	1.625000
58	54	0.925820
58	55	0.845154
58	56	0.668153
58	57	2.271721
58	59	2.271721
58	60	0.377964
58	61	1.202676
58	62	0.845154
58	63	0.571429
58	89	0.133631
58	93	0.462910
59	24	0.125000
59	55	0.948683
59	56	1.125000
59	57	0.875000
59	58	2.271721
59	60	2.651650
59	61	0.875000
59	62	0.474342
59	63	1.469937
59	64	1.069045
59	65	0.133631
59	93	1.299038
59	94	0.534522
59	97	0.288675
59	258	1.010363
60	21	1.700840
60	24	1.060660
60	25	0.377964
60	56	0.176777
60	57	0.707107
60	58	0.377964
60	59	2.651650
60	61	3.005204
60	62	0.223607
60	64	0.755929
60	65	0.944911
61	25	0.400892
61	57	1.625000
61	58	1.202676
61	59	0.875000
61	60	3.005204
61	62	2.371708
61	63	0.267261
61	65	1.202676
62	58	0.845154
62	59	0.474342
62	60	0.223607
62	61	2.371708
62	63	2.704494
62	64	0.338062
62	65	0.845154
62	66	0.943880
62	86	0.358569
62	89	0.316228
63	58	0.571429
63	59	1.469937
63	61	0.267261
63	62	2.704494
63	64	2.857143
63	65	1.142857
63	66	0.569803
63	67	0.566947
63	86	1.515229
63	89	0.400892
63	90	1.069045
63	255	0.327327
64	20	0.133631
64	21	0.571429
64	24	0.133631
64	59	1.069045
64	60	0.755929
64	62	0.338062
64	63	2.857143
64	65	3.571429
64	66	0.683763
64	67	1.133893
64	68	0.676123
64	252	0.505076
64	255	0.763763
65	21	0.714286
65	59	0.133631
65	60	0.944911
65	61	1.202676
65	62	0.845154
65	63	1.142857
65	64	3.571429
65	66	2.507133
65	67	1.133893
65	68	1.352247
65	69	0.676123
66	62	0.943880
66	63	0.569803
66	64	0.683763
66	65	2.507133
66	67	2.110579
66	68	0.943880
66	69	1.213560
66	70	0.381385
66	76	0.161165
66	78	0.181818
66	82	0.805823
66	86	0.725241
67	63	0.566947
67	64	1.133893
67	65	1.133893
67	66	2.110579
67	68	3.354102
67	69	2.012461
67	70	0.790569
67	71	1.237437
67	86	0.534522
67	252	0.534522
68	17	0.790569
68	64	0.676123
68	65	1.352247
68	66	0.943880
68	67	3.354102
68	69	3.400000
68	70	0.424264
68	71	1.106797
68	72	1.264911
68	252	0.597614
69	65	0.676123
69	66	1.213560
69	67	2.012461
69	68	3.400000
69	70	2.404163
69	71	1.423025
69	72	0.790569
69	73	1.739253
69	74	0.149071
70	66	0.381385
70	67	0.790569
70	68	0.424264
70	69	2.404163
70	71	2.012461
70	72	0.223607
70	73	1.006231
70	74	0.421637
70	75	1.453444
70	76	1.014185
70	168	1.290994
70	169	0.223607
71	17	0.375000
71	67	1.237437
71	68	1.106797
71	69	1.423025
71	70	2.012461
71	72	2.500000
71	73	0.875000
71	74	0.942809
71	248	0.250000
71	252	0.377964
72	10	0.668153
72	13	0.125000
72	14	0.883883
72	17	0.375000
72	68	1.264911
72	69	0.790569
72	70	0.223607
72	71	2.500000
72	73	2.125000
72	74	0.824958
73	69	1.739253
73	70	1.006231
73	71	0.875000
73	72	2.125000
73	74	1.885618
73	75	1.875000
73	77	0.267261
74	69	0.149071
74	70	0.421637
74	71	0.942809
74	72	0.824958
74	73	1.885618
74	75	2.003469
75	70	1.453444
75	73	1.875000
75	74	2.003469
75	76	1.795331
75	77	0.534522
75	166	0.668153
76	66	0.161165
76	70	1.014185
76	75	1.795331
76	77	2.020305
76	78	2.095140
76	79	1.336306
76	82	0.357143
76	83	1.200198
76	86	0.357143
76	165	0.445435
76	166	1.515229
76	167	0.327327
76	168	1.636634
77	73	0.267261
77	75	0.534522
77	76	2.020305
77	78	2.849014
77	79	0.377964
78	66	0.181818
78	76	2.095140
78	77	2.849014
78	79	2.110579
78	82	0.725241
79	76	1.336306
79	77	0.377964
79	78	2.110579
79	80	2.474874
79	81	0.452267
79	82	0.668153
79	83	1.020621
79	165	1.833333
80	79	2.474874
80	81	1.705606
80	82	0.472456
80	83	1.299038
80	84	1.178511
80	161	0.144338
80	162	0.714435
80	163	0.632456
80	164	0.942809
80	165	2.828427
80	167	0.144338
81	79	0.452267
81	80	1.705606
81	82	1.692228
81	83	0.984732
81	84	1.608061
81	85	0.818182
81	147	0.201008
81	165	0.100504
82	66	0.805823
82	76	0.357143
82	78	0.725241
82	79	0.668153
82	80	0.472456
82	81	1.692228
82	83	1.963961
82	84	0.445435
82	85	1.772811
82	86	0.500000
83	76	1.200198
83	79	1.020621
83	80	1.299038
83	81	0.984732
83	82	1.963961
83	84	2.313407
83	85	0.861640
83	86	0.654654
83	87	1.234427
83	167	0.166667
83	168	1.500000
84	80	1.178511
84	81	1.608061
84	82	0.445435
84	83	2.313407
84	85	1.608061
84	86	0.178174
84	87	1.007905
84	88	0.816497
84	146	0.235702
84	147	0.888889
84	149	0.316228
84	152	0.301511
85	81	0.818182
85	82	1.772811
85	83	0.861640
85	84	1.608061
85	86	1.450481
85	87	0.797724
85	88	1.107823
85	89	1.279204
85	143	0.454545
85	147	0.402015
86	62	0.358569
86	63	1.515229
86	66	0.725241
86	67	0.534522
86	76	0.357143
86	82	0.500000
86	83	0.654654
86	84	0.178174
86	85	1.450481
86	87	2.323351
86	88	0.763763
86	89	1.133893
86	90	0.850420
86	168	0.218218
86	255	0.077152
87	83	1.234427
87	84	1.007905
87	85	0.797724
87	86	2.323351
87	88	2.777460
87	89	0.668153
87	90	1.202676
87	91	0.714286
87	146	0.801784
87	168	0.154303
87	170	0.227921
88	84	0.816497
88	85	1.107823
88	86	0.763763
88	87	2.777460
88	89	2.453739
88	90	0.721688
88	91	0.771517
88	92	0.866025
88	142	1.666667
88	143	2.831104
88	146	1.154701
88	147	0.544331
89	58	0.133631
89	62	0.316228
89	63	0.400892
89	85	1.279204
89	86	1.133893
89	87	0.668153
89	88	2.453739
89	90	2.375000
89	91	0.935414
89	92	1.375000
89	93	1.010363
89	143	0.533002
90	63	1.069045
90	86	0.850420
90	87	1.202676
90	88	0.721688
90	89	2.375000
90	91	2.672612
90	92	0.375000
90	93	0.721688
90	94	0.935414
90	255	1.020621
91	87	0.714286
91	88	0.771517
91	89	0.935414
91	90	2.672612
91	92	2.138090
91	93	1.080123
91	94	0.714286
91	95	1.000000
91	141	0.428571
91	142	1.080123
91	146	0.267261
91	176	0.109109
91	184	0.154303
92	88	0.866025
92	89	1.375000
92	90	0.375000
92	91	2.138090
92	93	2.742414
92	94	0.400892
92	95	0.668153
92	96	0.790569
92	135	0.188982
92	138	1.443376
92	139	0.353553
92	142	1.154701
92	143	0.639602
93	55	0.912871
93	58	0.462910
93	59	1.299038
93	89	1.010363
93	90	0.721688
93	91	1.080123
93	92	2.742414
93	94	2.623157
93	95	0.771517
93	96	1.643168
93	97	0.833333
94	59	0.534522
94	90	0.935414
94	91	0.714286
94	92	0.400892
94	93	2.623157
94	95	2.571429
94	96	0.845154
94	97	1.080123
94	98	1.069045
94	225	0.606092
94	229	0.227921
95	91	1.000000
95	92	0.668153
95	93	0.771517
95	94	2.571429
95	96	3.042555
95	97	0.771517
95	98	0.668153
95	99	1.637846
95	138	1.851640
95	141	0.428571
95	184	1.697337
96	55	0.600000
96	92	0.790569
96	93	1.643168
96	94	0.845154
96	95	3.042555
96	97	2.921187
96	98	0.474342
96	99	0.745356
96	100	1.352247
96	134	0.338062
96	135	0.717137
96	138	1.095445
97	52	0.577350
97	55	0.365148
97	56	0.433013
97	59	0.288675
97	93	0.833333
97	94	1.080123
97	95	0.771517
97	96	2.921187
97	98	3.031089
97	99	0.544331
97	100	0.925820
97	101	1.299038
97	258	0.166667
97	261	0.144338
98	94	1.069045
98	95	0.668153
98	96	0.474342
98	97	3.031089
98	99	2.121320
98	100	0.668153
98	101	1.375000
98	102	0.577350
98	184	0.433013
98	185	0.213201
98	188	0.668153
98	221	0.639602
98	225	0.661438
99	95	1.637846
99	96	0.745356
99	97	0.544331
99	98	2.121320
99	100	2.267787
99	101	0.824958
99	102	1.088662
99	103	0.755929
99	134	0.503953
99	137	0.251976
99	183	0.629941
99	184	0.408248
99	188	0.503953
100	48	0.227921
100	51	1.234427
100	52	1.069045
100	96	1.352247
100	97	0.925820
100	98	0.668153
100	99	2.267787
100	101	2.405351
100	102	1.080123
100	103	1.285714
100	104	1.069045
100	134	0.285714
101	52	0.500000
101	97	1.299038
101	98	1.375000
101	99	0.824958
101	100	2.405351
101	102	2.309401
101	103	0.534522
101	104	0.625000
101	105	0.790569
101	192	0.625000
101	196	0.102062
101	221	0.319801
101	257	0.125000
101	261	0.250000
101	265	0.306186
102	98	0.577350
102	99	1.088662
102	100	1.080123
102	101	2.309401
102	103	2.623157
102	104	0.721688
102	105	1.643168
102	106	0.925820
102	188	1.080123
102	191	0.721688
102	192	0.866025
103	48	0.455842
103	99	0.755929
103	100	1.285714
103	101	0.534522
103	102	2.623157
103	104	2.405351
103	105	1.183216
103	106	0.714286
103	107	0.801784
103	130	0.267261
103	134	0.142857
104	45	0.133631
104	48	1.172604
104	49	0.625000
104	52	0.250000
104	100	1.069045
104	101	0.625000
104	102	0.721688
104	103	2.405351
104	105	2.529822
104	106	0.400892
104	107	1.125000
104	108	0.639602
104	265	0.306186
105	101	0.790569
105	102	1.643168
105	103	1.183216
105	104	2.529822
105	106	2.704494
105	107	0.790569
105	108	0.674200
105	109	0.516398
105	192	0.158114
105	195	0.845154
105	196	1.161895
106	102	0.925820
106	103	0.714286
106	104	0.400892
106	105	2.704494
106	107	2.271721
106	108	0.455842
106	109	0.872872
106	110	0.911685
106	191	0.133631
106	195	0.857143
107	44	0.133631
107	45	1.469937
107	48	0.959403
107	103	0.801784
107	104	1.125000
107	105	0.790569
107	106	2.271721
107	108	2.558409
107	109	0.510310
107	110	0.852803
107	111	0.632456
107	118	1.122683
107	122	0.125000
108	45	0.569803
108	104	0.639602
108	105	0.674200
108	106	0.455842
108	107	2.558409
108	109	1.392621
108	110	0.636364
108	111	1.078720
108	112	1.279204
109	105	0.516398
109	106	0.872872
109	107	0.510310
109	108	1.392621
109	110	2.524126
109	111	0.903696
109	112	0.918559
109	113	1.745743
109	114	0.117851
109	195	0.872872
109	198	0.957427
109	199	0.436436
110	106	0.911685
110	107	0.852803
110	108	0.636364
110	109	2.524126
110	111	2.157440
110	112	0.533002
110	113	0.569803
110	114	0.984732
110	115	0.113961
110	118	0.348155
111	107	0.632456
111	108	1.078720
111	109	0.903696
111	110	2.157440
111	112	2.687936
111	113	0.676123
111	114	1.825742
111	115	1.352247
111	118	2.065591
112	108	1.279204
112	109	0.918559
112	110	0.533002
112	111	2.687936
112	113	2.538982
112	114	0.288675
112	115	0.133631
112	199	0.133631
113	109	1.745743
113	110	0.569803
113	111	0.676123
113	112	2.538982
113	114	2.777460
113	115	0.571429
113	202	0.629941
114	109	0.117851
114	110	0.984732
114	111	1.825742
114	112	0.288675
114	113	2.777460
114	115	3.548977
114	116	0.492366
114	117	2.041241
114	118	0.471405
115	110	0.113961
115	111	1.352247
115	112	0.133631
115	113	0.571429
115	114	3.548977
115	116	2.507133
115	117	0.251976
115	118	0.763763
115	119	1.259882
116	114	0.492366
116	115	2.507133
116	117	1.608061
116	118	0.261116
116	119	0.502519
116	120	0.369274
117	114	2.041241
117	115	0.251976
117	116	1.608061
117	118	1.443376
117	119	0.444444
117	120	0.952579
117	121	1.414214
118	44	0.436436
118	45	0.436436
118	107	1.122683
118	110	0.348155
118	111	2.065591
118	114	0.471405
118	115	0.763763
118	116	0.261116
118	117	1.443376
118	119	2.213176
118	120	0.942809
118	121	0.612372
118	122	1.020621
119	115	1.259882
119	116	0.502519
119	117	0.444444
119	118	2.213176
119	120	2.177324
119	121	0.353553
120	116	0.369274
120	117	0.952579
120	118	0.942809
120	119	2.177324
120	121	3.175426
120	122	0.288675
121	117	1.414214
121	118	0.612372
121	119	0.353553
121	120	3.175426
121	122	1.750000
121	123	0.801784
121	126	0.353553
122	44	0.400892
122	107	0.125000
122	118	1.020621
122	120	0.288675
122	121	1.750000
122	123	2.538982
122	126	0.589256
122	127	0.474342
122	130	0.125000
123	44	0.142857
123	121	0.801784
123	122	2.538982
123	124	2.519763
123	125	1.069045
123	126	2.015811
123	127	0.845154
124	42	0.111111
124	43	0.125988
124	47	0.577350
124	123	2.519763
124	125	2.239171
124	126	0.888889
124	127	1.341641
124	128	1.407053
125	123	1.069045
125	124	2.239171
125	126	1.885618
125	127	0.474342
125	128	2.132007
125	129	0.400892
126	121	0.353553
126	122	0.589256
126	123	2.015811
126	124	0.888889
126	125	1.885618
126	127	2.385139
126	128	0.502519
126	129	1.133893
126	130	0.942809
127	44	0.169031
127	47	0.645497
127	48	0.943880
127	122	0.474342
127	123	0.845154
127	124	1.341641
127	125	0.474342
127	126	2.385139
127	128	2.157440
127	129	1.352247
127	130	2.055480
127	131	0.948683
128	47	0.783349
128	124	1.407053
128	125	2.132007
128	126	0.502519
128	127	2.157440
128	129	1.709409
128	130	0.533002
128	131	0.852803
128	132	0.426401
129	125	0.400892
129	126	1.133893
129	127	1.352247
129	128	1.709409
129	130	2.405351
129	131	0.801784
129	132	1.069045
129	133	0.534522
130	48	0.639602
130	103	0.267261
130	122	0.125000
130	126	0.942809
130	127	2.055480
130	128	0.533002
130	129	2.405351
130	131	2.500000
130	132	0.625000
130	133	0.750000
130	134	0.801784
131	47	0.612372
131	48	0.426401
131	51	1.010363
131	127	0.948683
131	128	0.852803
131	129	0.801784
131	130	2.500000
131	132	2.125000
131	133	1.000000
131	134	1.336306
131	135	0.944911
132	128	0.426401
132	129	1.069045
132	130	0.625000
132	131	2.125000
132	133	2.250000
132	134	0.935414
132	135	0.472456
132	136	1.625000
133	129	0.534522
133	130	0.750000
133	131	1.000000
133	132	2.250000
133	134	2.271721
133	135	0.755929
133	136	1.750000
133	137	0.668153
134	51	0.154303
134	96	0.338062
134	99	0.503953
134	100	0.285714
134	103	0.142857
134	130	0.801784
134	131	1.336306
134	132	0.935414
134	133	2.271721
134	135	2.222336
134	136	0.534522
134	137	0.714286
134	138	1.234427
135	51	1.200198
135	54	0.109109
135	55	0.717137
135	92	0.188982
135	96	0.717137
135	131	0.944911
135	132	0.472456
135	133	0.755929
135	134	2.222336
135	136	1.511858
135	137	0.404061
135	138	1.200198
135	139	0.400892
136	132	1.625000
136	133	1.750000
136	134	0.534522
136	135	1.511858
136	137	2.538982
136	138	0.577350
136	139	0.707107
136	140	1.125000
137	99	0.251976
137	133	0.668153
137	134	0.714286
137	135	0.404061
137	136	2.538982
137	138	2.931764
137	139	1.700840
137	140	1.202676
137	141	1.000000
137	183	0.142857
138	92	1.443376
138	95	1.851640
138	96	1.095445
138	134	1.234427
138	135	1.200198
138	136	0.577350
138	137	2.931764
138	139	3.265986
138	140	0.577350
138	141	1.388730
138	142	1.166667
139	92	0.353553
139	135	0.400892
139	136	0.707107
139	137	1.700840
139	138	3.265986
139	140	2.828427
139	141	1.133893
139	142	2.041241
139	143	0.753778
139	144	0.176777
140	136	1.125000
140	137	1.202676
140	138	0.577350
140	139	2.828427
140	141	2.138090
140	142	0.577350
140	144	1.125000
140	145	0.668153
141	91	0.428571
141	95	0.428571
141	137	1.000000
141	138	1.388730
141	139	1.133893
141	140	2.138090
141	142	2.777460
141	143	0.113961
141	145	1.000000
141	176	0.436436
141	180	0.308607
141	183	0.428571
141	184	0.308607
142	88	1.666667
142	91	1.080123
142	92	1.154701
142	138	1.166667
142	139	2.041241
142	140	0.577350
142	141	2.777460
142	143	2.954196
142	144	0.288675
142	145	1.234427
142	146	1.443376
142	147	0.136083
142	176	0.353553
143	85	0.454545
143	88	2.831104
143	89	0.533002
143	92	0.639602
143	139	0.753778
143	141	0.113961
143	142	2.954196
143	144	1.705606
143	145	0.797724
143	146	0.426401
143	147	1.206045
143	148	0.106600
144	139	0.176777
144	140	1.125000
144	142	0.288675
144	143	1.705606
144	145	3.474396
144	146	0.250000
144	147	0.117851
144	148	1.250000
144	150	0.944911
145	140	0.668153
145	141	1.000000
145	142	1.234427
145	143	0.797724
145	144	3.474396
145	146	2.538982
145	147	0.251976
145	148	0.400892
145	149	0.358569
145	150	1.313198
145	151	0.763763
145	176	1.091089
146	84	0.235702
146	87	0.801784
146	88	1.154701
146	91	0.267261
146	142	1.443376
146	143	0.426401
146	144	0.250000
146	145	2.538982
146	147	2.003469
146	148	0.875000
146	149	0.447214
146	151	1.837117
146	176	0.510310
147	81	0.201008
147	84	0.888889
147	85	0.402015
147	88	0.544331
147	142	0.136083
147	143	1.206045
147	144	0.117851
147	145	0.251976
147	146	2.003469
147	148	2.003469
147	149	0.737865
148	143	0.106600
148	144	1.250000
148	145	0.400892
148	146	0.875000
148	147	2.003469
148	149	2.124265
148	150	2.456769
149	84	0.316228
149	145	0.358569
149	146	0.447214
149	147	0.737865
149	148	2.124265
149	150	1.605793
149	151	0.547723
149	152	2.765042
150	144	0.944911
150	145	1.313198
150	148	2.456769
150	149	1.605793
150	151	1.157275
150	152	0.241747
150	173	0.283473
151	145	0.763763
151	146	1.837117
151	149	0.547723
151	150	1.157275
151	152	2.437087
151	153	0.258199
151	162	0.083333
151	170	0.435194
151	171	0.522233
151	172	1.418416
151	173	0.918559
151	176	0.750000
152	84	0.301511
152	149	2.765042
152	150	0.241747
152	151	2.437087
152	153	2.561959
152	154	0.227921
152	162	2.785242
152	171	0.181818
152	173	0.746203
153	151	0.258199
153	152	2.561959
153	154	2.704494
153	155	0.424264
153	158	0.200000
153	159	0.158114
153	162	1.549193
153	171	0.539360
153	172	0.338062
154	152	0.227921
154	153	2.704494
154	155	2.509980
154	156	0.251976
154	159	0.668153
155	153	0.424264
155	154	2.509980
155	156	1.686548
155	157	1.581139
155	158	2.262742
155	159	0.782624
155	171	0.667424
156	154	0.251976
156	155	1.686548
156	157	1.777778
156	158	1.043498
156	159	1.885618
156	160	2.357023
157	155	1.581139
157	156	1.777778
157	158	2.385139
157	159	0.353553
157	160	1.296362
157	161	0.544331
157	171	0.804030
158	153	0.200000
158	155	2.262742
158	156	1.043498
158	157	2.385139
158	159	2.846050
158	160	1.264911
158	161	1.643168
158	162	2.452889
158	171	1.078720
159	153	0.158114
159	154	0.668153
159	155	0.782624
159	156	1.885618
159	157	0.353553
159	158	2.846050
159	160	2.375000
159	161	0.433013
159	162	0.918559
159	163	0.632456
160	156	2.357023
160	157	1.296362
160	158	1.264911
160	159	2.375000
160	161	2.598076
160	162	0.612372
160	163	1.264911
160	164	0.589256
161	80	0.144338
161	157	0.544331
161	158	1.643168
161	159	0.433013
161	160	2.598076
161	162	2.357023
161	163	1.278019
161	164	1.224745
161	167	2.666667
161	168	0.166667
161	169	0.577350
161	171	0.492366
162	80	0.714435
162	151	0.083333
162	152	2.785242
162	153	1.549193
162	158	2.452889
162	159	0.918559
162	160	0.612372
162	161	2.357023
162	163	1.936492
162	164	0.288675
162	171	0.870388
163	80	0.632456
163	159	0.632456
163	160	1.264911
163	161	1.278019
163	162	1.936492
163	164	2.236068
163	165	0.447214
164	80	0.942809
164	160	0.589256
164	161	1.224745
164	162	0.288675
164	163	2.236068
164	165	2.000000
164	166	1.889822
164	167	1.632993
165	76	0.445435
165	79	1.833333
165	80	2.828427
165	81	0.100504
165	163	0.447214
165	164	2.000000
165	166	2.141799
165	167	0.680414
166	75	0.668153
166	76	1.515229
166	164	1.889822
166	165	2.141799
166	167	2.468854
166	168	0.308607
167	76	0.327327
167	80	0.144338
167	83	0.166667
167	161	2.666667
167	164	1.632993
167	165	0.680414
167	166	2.468854
167	168	2.166667
167	169	0.577350
168	70	1.290994
168	76	1.636634
168	83	1.500000
168	86	0.218218
168	87	0.154303
168	161	0.166667
168	166	0.308607
168	167	2.166667
168	169	3.031089
168	170	0.246183
169	70	0.223607
169	161	0.577350
169	167	0.577350
169	168	3.031089
169	170	1.599005
169	171	1.279204
169	244	0.471405
170	87	0.227921
170	151	0.435194
170	168	0.246183
170	169	1.599005
170	171	1.909091
170	172	1.139606
170	244	0.502519
170	247	0.174078
171	151	0.522233
171	152	0.181818
171	153	0.539360
171	155	0.667424
171	157	0.804030
171	158	1.078720
171	161	0.492366
171	162	0.870388
171	169	1.279204
171	170	1.909091
171	172	1.937330
172	151	1.418416
172	153	0.338062
172	170	1.139606
172	171	1.937330
172	173	2.806243
172	174	0.251976
172	176	0.763763
172	177	0.845154
173	150	0.283473
173	151	0.918559
173	152	0.746203
173	172	2.806243
173	174	2.003469
173	175	1.897367
173	176	1.224745
173	177	0.474342
174	172	0.251976
174	173	2.003469
174	175	2.385139
174	176	0.192450
174	177	0.745356
174	178	0.707107
174	236	1.763834
175	173	1.897367
175	174	2.385139
175	176	2.065591
175	177	0.600000
175	178	0.790569
175	179	1.000000
176	91	0.109109
176	141	0.436436
176	142	0.353553
176	145	1.091089
176	146	0.510310
176	151	0.750000
176	172	0.763763
176	173	1.224745
176	174	0.192450
176	175	2.065591
176	177	2.581989
176	178	0.816497
176	179	0.645497
176	180	1.532065
176	181	0.117851
177	172	0.845154
177	173	0.474342
177	174	0.745356
177	175	0.600000
177	176	2.581989
177	178	2.529822
177	179	0.400000
177	180	1.095445
177	181	1.278019
177	236	0.169031
178	174	0.707107
178	175	0.790569
178	176	0.816497
178	177	2.529822
178	179	2.846050
178	180	0.721688
178	181	1.010363
178	182	1.125000
178	233	0.250000
178	236	0.534522
179	175	1.000000
179	176	0.645497
179	177	0.400000
179	178	2.846050
179	180	2.921187
179	181	0.912871
179	182	0.790569
179	183	0.845154
180	141	0.308607
180	176	1.532065
180	177	1.095445
180	178	0.721688
180	179	2.921187
180	181	3.166667
180	182	0.866025
180	183	0.771517
180	184	1.333333
180	185	0.123091
181	176	0.117851
181	177	1.278019
181	178	1.010363
181	179	0.912871
181	180	3.166667
181	182	2.309401
181	183	0.617213
181	184	0.666667
181	185	0.615457
181	186	1.296362
181	229	0.984732
181	232	0.433013
181	233	0.288675
182	178	1.125000
182	179	0.790569
182	180	0.866025
182	181	2.309401
182	183	2.271721
182	184	0.288675
182	185	0.319801
182	186	0.918559
182	187	1.069045
182	188	0.133631
183	99	0.629941
183	137	0.142857
183	141	0.428571
183	179	0.845154
183	180	0.771517
183	181	0.617213
183	182	2.271721
183	184	2.777460
183	185	0.455842
183	188	0.428571
184	91	0.154303
184	95	1.697337
184	98	0.433013
184	99	0.408248
184	141	0.308607
184	180	1.333333
184	181	0.666667
184	182	0.288675
184	183	2.777460
184	185	1.969464
184	186	0.117851
184	188	0.617213
184	229	0.123091
185	98	0.213201
185	180	0.123091
185	181	0.615457
185	182	0.319801
185	183	0.455842
185	184	1.969464
185	186	2.698204
185	187	0.341882
185	188	1.481487
185	189	1.066004
185	221	0.454545
185	225	0.886405
185	226	1.279204
185	229	1.727273
186	181	1.296362
186	182	0.918559
186	184	0.117851
186	185	2.698204
186	187	1.854852
186	188	1.091089
186	189	1.122683
186	190	0.654654
186	226	0.102062
186	229	0.783349
186	230	0.714435
186	233	0.510310
187	182	1.069045
187	185	0.341882
187	186	1.854852
187	188	3.571429
187	189	0.935414
187	190	0.857143
187	191	1.202676
188	98	0.668153
188	99	0.503953
188	102	1.080123
188	182	0.133631
188	183	0.428571
188	184	0.617213
188	185	1.481487
188	186	1.091089
188	187	3.571429
188	189	2.405351
188	190	0.285714
188	191	0.935414
188	192	1.069045
189	185	1.066004
189	186	1.122683
189	187	0.935414
189	188	2.405351
189	190	2.405351
189	191	1.000000
189	192	1.000000
189	193	1.202676
189	218	0.250000
189	221	0.213201
189	222	0.133631
189	226	0.125000
190	186	0.654654
190	187	0.857143
190	188	0.285714
190	189	2.405351
190	191	2.672612
190	192	0.801784
190	193	1.428571
190	194	0.797724
191	102	0.721688
191	106	0.133631
191	187	1.202676
191	188	0.935414
191	189	1.000000
191	190	2.672612
191	192	2.125000
191	193	0.935414
191	194	0.426401
191	195	0.935414
192	101	0.625000
192	102	0.866025
192	105	0.158114
192	188	1.069045
192	189	1.000000
192	190	0.801784
192	191	2.125000
192	193	2.271721
192	194	0.213201
192	195	0.801784
192	196	1.224745
192	218	0.625000
192	221	0.746203
193	189	1.202676
193	190	1.428571
193	191	0.935414
193	192	2.271721
193	194	2.849014
193	195	0.857143
193	196	0.545545
193	197	1.388730
193	218	0.267261
194	190	0.797724
194	191	0.426401
194	192	0.213201
194	193	2.849014
194	195	1.937330
194	196	0.174078
194	197	2.338738
194	198	0.363636
195	105	0.845154
195	106	0.857143
195	109	0.872872
195	191	0.935414
195	192	0.801784
195	193	0.857143
195	194	1.937330
195	196	2.291288
195	197	0.771517
195	198	0.569803
195	199	0.857143
196	101	0.102062
196	105	1.161895
196	192	1.224745
196	193	0.545545
196	194	0.174078
196	195	2.291288
196	197	2.003469
196	198	0.435194
196	199	1.527525
196	200	0.348155
196	214	0.102062
196	217	0.306186
196	218	0.408248
197	193	1.388730
197	194	2.338738
197	195	0.771517
197	196	2.003469
197	198	2.092555
197	199	1.080123
197	200	0.984732
197	201	0.816497
198	109	0.957427
198	194	0.363636
198	195	0.569803
198	196	0.435194
198	197	2.092555
198	199	1.937330
198	200	0.272727
198	201	1.708564
198	202	0.804030
199	109	0.436436
199	112	0.133631
199	195	0.857143
199	196	1.527525
199	197	1.080123
199	198	1.937330
199	200	1.937330
199	201	0.629941
199	202	0.377964
199	203	0.845154
199	214	0.267261
200	196	0.348155
200	197	0.984732
200	198	0.272727
200	199	1.937330
200	201	2.311587
200	202	0.201008
200	203	0.809040
200	204	1.005038
200	211	0.106600
200	214	0.106600
201	197	0.816497
201	198	1.708564
201	199	0.629941
201	200	2.311587
201	202	2.888889
201	203	1.043498
201	204	1.000000
202	113	0.629941
202	198	0.804030
202	199	0.377964
202	200	0.201008
202	201	2.888889
202	203	2.236068
202	204	0.444444
203	199	0.845154
203	200	0.809040
203	201	1.043498
203	202	2.236068
203	204	2.534210
203	207	0.149071
204	200	1.005038
204	201	1.000000
204	202	0.444444
204	203	2.534210
204	207	0.444444
204	211	0.117851
205	206	2.357023
205	207	0.707107
205	208	0.559017
205	209	0.117851
206	205	2.357023
206	207	2.555556
206	208	0.632456
206	209	0.222222
206	210	0.447214
207	203	0.149071
207	204	0.444444
207	205	0.707107
207	206	2.555556
207	208	1.581139
207	209	0.222222
207	210	0.745356
207	211	0.942809
208	205	0.559017
208	206	0.632456
208	207	1.581139
208	209	1.791957
208	210	1.131371
208	211	1.900658
208	212	0.527046
209	205	0.117851
209	206	0.222222
209	207	0.222222
209	208	1.791957
209	210	2.236068
209	211	0.471405
209	212	1.444444
209	213	0.377964
210	206	0.447214
210	207	0.745356
210	208	1.131371
210	209	2.236068
210	211	2.371708
210	212	0.596285
210	213	2.028370
210	214	0.316228
211	200	0.106600
211	204	0.117851
211	207	0.942809
211	208	1.900658
211	209	0.471405
211	210	2.371708
211	212	2.003469
211	213	0.935414
211	214	1.375000
211	215	0.530330
212	208	0.527046
212	209	1.444444
212	210	0.596285
212	211	2.003469
212	213	2.141799
212	214	0.353553
212	215	0.833333
212	216	1.060660
213	209	0.377964
213	210	2.028370
213	211	0.935414
213	212	2.141799
213	214	2.405351
213	215	1.511858
213	216	2.004459
213	217	1.336306
214	196	0.102062
214	199	0.267261
214	200	0.106600
214	210	0.316228
214	211	1.375000
214	212	0.353553
214	213	2.405351
214	215	2.828427
214	216	0.625000
214	217	1.375000
214	218	0.500000
215	211	0.530330
215	212	0.833333
215	213	1.511858
215	214	2.828427
215	216	2.828427
215	217	0.883883
215	218	0.530330
215	219	0.750000
216	212	1.060660
216	213	2.004459
216	214	0.625000
216	215	2.828427
216	217	2.125000
216	218	0.375000
216	219	0.707107
216	220	1.069045
217	196	0.306186
217	213	1.336306
217	214	1.375000
217	215	0.883883
217	216	2.125000
217	218	2.250000
217	219	1.237437
217	220	0.133631
217	221	0.319801
217	264	0.250000
217	265	0.306186
218	189	0.250000
218	192	0.625000
218	193	0.267261
218	196	0.408248
218	214	0.500000
218	215	0.530330
218	216	0.375000
218	217	2.250000
218	219	2.474874
218	220	0.267261
218	221	1.066004
218	222	0.801784
219	215	0.750000
219	216	0.707107
219	217	1.237437
219	218	2.474874
219	220	3.023716
219	221	1.356801
219	222	0.944911
219	223	0.883883
220	216	1.069045
220	217	0.133631
220	218	0.267261
220	219	3.023716
220	221	2.051290
220	222	0.285714
220	223	1.069045
220	224	0.925820
220	257	0.534522
220	260	0.455842
220	264	0.400892
221	98	0.639602
221	101	0.319801
221	185	0.454545
221	189	0.213201
221	192	0.746203
221	217	0.319801
221	218	1.066004
221	219	1.356801
221	220	2.051290
221	222	2.735054
221	223	0.426401
221	224	0.615457
221	225	0.644658
221	257	0.213201
222	189	0.133631
222	218	0.801784
222	219	0.944911
222	220	0.285714
222	221	2.735054
222	223	2.271721
222	224	1.234427
222	225	0.404061
222	226	1.069045
222	227	0.571429
223	219	0.883883
223	220	1.069045
223	221	0.426401
223	222	2.271721
223	224	3.031089
223	225	0.188982
223	227	0.534522
223	253	0.125000
224	220	0.925820
224	221	0.615457
224	222	1.234427
224	223	3.031089
224	225	2.291288
224	226	0.144338
224	227	0.154303
224	250	0.144338
224	253	1.587713
224	254	1.020621
224	257	1.010363
224	260	0.246183
225	94	0.606092
225	98	0.661438
225	185	0.886405
225	221	0.644658
225	222	0.404061
225	223	0.188982
225	224	2.291288
225	226	1.417367
225	227	0.707107
225	228	0.966988
225	229	1.047570
225	251	0.377964
225	254	2.004459
225	255	0.231455
225	257	0.472456
226	185	1.279204
226	186	0.102062
226	189	0.125000
226	222	1.069045
226	224	0.144338
226	225	1.417367
226	227	3.073504
226	228	0.426401
226	229	0.533002
226	230	1.375000
227	222	0.571429
227	223	0.534522
227	224	0.154303
227	225	0.707107
227	226	3.073504
227	228	2.051290
227	229	0.455842
227	230	0.668153
227	231	0.857143
227	250	0.400892
228	225	0.966988
228	226	0.426401
228	227	2.051290
228	229	2.363636
228	230	0.213201
228	231	0.797724
228	232	1.172604
228	247	1.305582
228	250	1.279204
228	251	2.984810
229	94	0.227921
229	181	0.984732
229	184	0.123091
229	185	1.727273
229	186	0.783349
229	225	1.047570
229	226	0.533002
229	227	0.455842
229	228	2.363636
229	230	1.812206
229	231	0.683763
229	232	1.385805
229	233	0.639602
230	186	0.714435
230	226	1.375000
230	227	0.668153
230	228	0.213201
230	229	1.812206
230	231	2.405351
230	232	0.750000
230	233	0.750000
230	234	0.935414
231	227	0.857143
231	228	0.797724
231	229	0.683763
231	230	2.405351
231	232	2.138090
231	233	1.069045
231	234	1.285714
231	235	0.478091
231	242	1.069045
231	247	0.218218
231	250	0.400892
232	181	0.433013
232	228	1.172604
232	229	1.385805
232	230	0.750000
232	231	2.138090
232	233	2.500000
232	234	0.400892
232	235	0.559017
232	236	0.668153
232	247	0.714435
233	178	0.250000
233	181	0.288675
233	186	0.510310
233	229	0.639602
233	230	0.750000
233	231	1.069045
233	232	2.500000
233	234	2.405351
233	235	0.782624
233	236	1.469937
233	237	1.125000
234	230	0.935414
234	231	1.285714
234	232	0.400892
234	233	2.405351
234	235	1.912366
234	236	1.000000
234	237	1.469937
234	238	0.881917
234	241	0.133631
234	242	0.534522
235	231	0.478091
235	232	0.559017
235	233	0.782624
235	234	1.912366
235	236	2.031889
235	237	0.670820
235	238	0.737865
235	239	0.782624
235	240	0.447214
235	241	0.223607
235	242	1.118034
236	174	1.763834
236	177	0.169031
236	178	0.534522
236	232	0.668153
236	233	1.469937
236	234	1.000000
236	235	2.031889
236	237	2.939874
236	238	0.251976
237	233	1.125000
237	234	1.469937
237	235	0.670820
237	236	2.939874
237	238	2.121320
237	239	0.375000
238	234	0.881917
238	235	0.737865
238	236	0.251976
238	237	2.121320
238	239	2.239171
238	240	0.353553
238	241	1.885618
239	235	0.782624
239	237	0.375000
239	238	2.239171
239	240	4.375000
239	241	0.375000
240	235	0.447214
240	238	0.353553
240	239	4.375000
240	241	2.125000
240	242	0.125000
241	234	0.133631
241	235	0.223607
241	238	1.885618
241	239	0.375000
241	240	2.125000
241	242	2.375000
241	243	0.106600
242	231	1.069045
242	234	0.534522
242	235	1.118034
242	240	0.125000
242	241	2.375000
242	243	2.025407
242	244	0.235702
242	246	0.133631
242	247	0.408248
243	241	0.106600
243	242	2.025407
243	244	1.507557
243	245	3.216121
243	246	1.367527
243	247	0.348155
244	169	0.471405
244	170	0.502519
244	242	0.235702
244	243	1.507557
244	245	2.555556
244	246	1.007905
244	247	0.769800
244	248	1.296362
245	243	3.216121
245	244	2.555556
245	246	2.267787
245	247	0.288675
245	248	0.589256
245	249	0.589256
246	242	0.133631
246	243	1.367527
246	244	1.007905
246	245	2.267787
246	247	1.963961
246	248	0.534522
246	249	1.069045
246	250	1.469937
247	170	0.174078
247	228	1.305582
247	231	0.218218
247	232	0.714435
247	242	0.408248
247	243	0.348155
247	244	0.769800
247	245	0.288675
247	246	1.963961
247	248	1.939179
247	249	0.408248
247	250	0.714435
247	251	0.510310
248	71	0.250000
248	244	1.296362
248	245	0.589256
248	246	0.534522
248	247	1.939179
248	249	2.125000
248	250	1.000000
248	251	1.000000
248	252	0.944911
249	245	0.589256
249	246	1.069045
249	247	0.408248
249	248	2.125000
249	250	2.125000
249	251	0.500000
249	252	0.566947
249	253	1.000000
250	224	0.144338
250	227	0.400892
250	228	1.279204
250	231	0.400892
250	246	1.469937
250	247	0.714435
250	248	1.000000
250	249	2.125000
250	251	2.000000
250	252	0.661438
250	253	1.375000
250	254	0.176777
251	225	0.377964
251	228	2.984810
251	247	0.510310
251	248	1.000000
251	249	0.500000
251	250	2.000000
251	252	1.700840
251	253	0.875000
251	254	0.883883
251	255	1.632993
252	17	0.755929
252	64	0.505076
252	67	0.534522
252	68	0.597614
252	71	0.377964
252	248	0.944911
252	249	0.566947
252	250	0.661438
252	251	1.700840
252	253	1.606349
252	254	0.668153
252	255	1.234427
252	256	0.505076
253	223	0.125000
253	224	1.587713
253	249	1.000000
253	250	1.375000
253	251	0.875000
253	252	1.606349
253	254	2.651650
253	255	0.612372
253	256	1.202676
253	257	0.500000
254	224	1.020621
254	225	2.004459
254	250	0.176777
254	251	0.883883
254	252	0.668153
254	253	2.651650
254	255	2.309401
254	256	1.511858
254	257	1.590990
254	258	0.408248
255	24	0.306186
255	63	0.327327
255	64	0.763763
255	86	0.077152
255	90	1.020621
255	225	0.231455
255	251	1.632993
255	252	1.234427
255	253	0.612372
255	254	2.309401
255	256	1.854852
255	257	0.408248
255	258	0.707107
256	20	0.534522
256	252	0.505076
256	253	1.202676
256	254	1.511858
256	255	1.854852
256	257	2.271721
256	258	1.080123
256	259	0.755929
256	260	1.025645
257	101	0.125000
257	220	0.534522
257	221	0.213201
257	224	1.010363
257	225	0.472456
257	253	0.500000
257	254	1.590990
257	255	0.408248
257	256	2.271721
257	258	2.453739
257	259	1.414214
257	260	2.025407
257	261	1.625000
258	24	0.577350
258	28	0.577350
258	56	3.031089
258	59	1.010363
258	97	0.166667
258	254	0.408248
258	255	0.707107
258	256	1.080123
258	257	2.453739
258	259	2.653614
258	260	0.492366
258	261	1.010363
258	262	0.308607
259	23	0.223607
259	24	0.707107
259	256	0.755929
259	257	1.414214
259	258	2.653614
259	260	2.412091
259	261	0.353553
259	262	1.322876
259	263	0.530330
260	220	0.455842
260	224	0.246183
260	256	1.025645
260	257	2.025407
260	258	0.492366
260	259	2.412091
260	261	2.025407
260	262	1.367527
260	263	1.385805
260	264	0.959403
261	52	1.000000
261	56	0.750000
261	97	0.144338
261	101	0.250000
261	257	1.625000
261	258	1.010363
261	259	0.353553
261	260	2.025407
261	262	3.073504
261	263	0.875000
261	264	1.000000
261	265	1.632993
261	266	0.144338
262	27	1.133893
262	28	0.801784
262	31	0.428571
262	258	0.308607
262	259	1.322876
262	260	1.367527
262	261	3.073504
262	263	2.405351
262	264	0.801784
262	265	0.436436
262	266	1.543033
263	259	0.530330
263	260	1.385805
263	261	0.875000
263	262	2.405351
263	264	2.000000
263	265	0.204124
263	267	0.426401
264	217	0.250000
264	220	0.400892
264	260	0.959403
264	261	1.000000
264	262	0.801784
264	263	2.000000
264	265	2.857738
264	266	0.288675
264	267	0.319801
265	49	0.510310
265	52	0.306186
265	101	0.306186
265	104	0.306186
265	217	0.306186
265	261	1.632993
265	262	0.436436
265	263	0.204124
265	264	2.857738
265	266	1.767767
265	267	0.174078
265	271	0.174078
266	31	0.617213
266	49	0.144338
266	261	0.144338
266	262	1.543033
266	264	0.288675
266	265	1.767767
266	267	1.846372
266	268	0.666667
266	271	2.954196
266	275	0.615457
267	263	0.426401
267	264	0.319801
267	265	0.174078
267	266	1.846372
267	268	2.092555
267	269	0.455842
267	272	0.363636
268	41	0.144338
268	266	0.666667
268	267	2.092555
268	269	3.857584
268	270	2.020726
268	271	2.831104
268	272	0.615457
269	267	0.455842
269	268	3.857584
269	270	3.340766
269	271	0.683763
269	272	1.025645
269	273	0.935414
270	40	1.066004
270	41	0.625000
270	268	2.020726
270	269	3.340766
270	271	1.705606
270	272	0.426401
270	273	1.250000
270	274	0.790569
271	31	0.227921
271	34	0.269680
271	35	0.426401
271	41	1.279204
271	46	0.639602
271	49	0.106600
271	265	0.174078
271	266	2.954196
271	268	2.831104
271	269	0.683763
271	270	1.705606
271	272	1.636364
271	273	0.852803
271	274	1.348400
271	275	2.181818
272	267	0.363636
272	268	0.615457
272	269	1.025645
272	270	0.426401
272	271	1.636364
272	273	1.812206
272	274	0.404520
272	275	0.636364
272	276	1.105542
273	269	0.935414
273	270	1.250000
273	271	0.852803
273	272	1.812206
273	274	2.846050
273	275	0.426401
273	276	2.121320
273	277	0.707107
273	282	0.746203
274	34	0.200000
274	38	1.887760
274	41	0.158114
274	270	0.790569
274	271	1.348400
274	272	0.404520
274	273	2.846050
274	275	2.292280
274	276	0.596285
274	277	0.894427
274	278	1.423025
275	30	1.492405
275	31	0.797724
275	34	0.404520
275	266	0.615457
275	271	2.181818
275	272	0.636364
275	273	0.426401
275	274	2.292280
275	276	1.809068
275	277	0.603023
275	278	1.172604
275	279	0.959403
276	272	1.105542
276	273	2.121320
276	274	0.596285
276	275	1.809068
276	277	1.888889
276	278	0.942809
276	279	1.296362
276	280	0.544331
276	281	2.003469
276	282	2.412091
277	38	1.105542
277	273	0.707107
277	274	0.894427
277	275	0.603023
277	276	1.888889
277	278	2.121320
277	279	0.589256
277	280	0.544331
277	281	0.117851
277	282	1.306549
277	283	1.809068
278	30	0.125000
278	33	0.267261
278	34	0.474342
278	37	0.235702
278	38	0.639602
278	274	1.423025
278	275	1.172604
278	276	0.942809
278	277	2.121320
278	279	2.125000
278	280	1.299038
279	26	0.213201
279	30	0.500000
279	275	0.959403
279	276	1.296362
279	277	0.589256
279	278	2.125000
279	280	2.453739
279	281	1.500000
280	276	0.544331
280	277	0.544331
280	278	1.299038
280	279	2.453739
280	281	2.886751
280	282	0.123091
281	276	2.003469
281	277	0.117851
281	279	1.500000
281	280	2.886751
281	282	1.918806
281	283	0.106600
282	273	0.746203
282	276	2.412091
282	277	1.306549
282	280	0.123091
282	281	1.918806
282	283	1.454545
283	277	1.809068
283	281	0.106600
283	282	1.454545
